16384
250000
Quant grupos: 5
Media quant grupos: 739.0
--- Conjunto 0 ---
25641
57690
25643
21637
51884
31419
32795
35355
57099
25647
33454
16399
32427
3
17227
54397
53915
48073
16431
11
16395
15
33455
32779
25645
43
29375
54399
51887
31423
16427
24623
20651
24619
47
49247
34843
49419
53343
21183
54396
49167
54367
32431
32815
16415
32783
17451
32943
32847
23231
20639
49231
31403
51886
55563
28843
53515
28863
56075
53327
7
18603
16555
16715
21639
51885
30891
29355
16459
16519
49199
22699
20615
51375
16391
35307
37499
36955
33099
47435
37467
17455
36875
36987
53375
57903
37195
39370
33035
39243
20667
20515
35179
13
139
38339
83
80
82
33027
74
783
78
0
1
38211
75
64
79
753
33031
73
12
748
29595
21539
12896
1231
87
38343
16418
32771
35408
365
8
1407
367
1346
1350
364
1357
1347
323
38215
1150
71
755
55865
38342
56889
37191
4
16
759
81
32768
33067
55115
49208
27234
39371
36891
53403
53579
54603
56319
56317
31919
36939
53631
56191
49483
56587
32843
55615
49179
19
38214
35115
33026
37187
37190
33091
33095
1254
33030
39342
37167
1363
1362
1355
1359
1408
1183
37127
625
56891
57724
57727
16447
22703
49503
55679
49535
57725
54351
16543
16559
37403
32340
57373
23
85
70
271
143
84
34115
10
37123
42035
1184
33024
27439
1345
42034
1270
32774
631
54796
57375
49183
20539
54797
54799
16575
135
37131
31407
53567
30895
55107
53535
26779
49423
33327
53775
18591
26783
53263
18459
31
18587
28190
49439
28191
27
16411
32799
27167
26655
16539
18463
33119
33055
49211
44
749
750
4160
1223
33693
32776
32770
51
1258
1273
1153
1412
1259
1312
67
49160
38150
1221
39996
36911
39468
39471
39469
37423
39997
39999
20543
20671
28842
32831
33094
751
14
37319
35411
32775
1289
265
1285
33090
45276
2
45151
16527
28859
36895
45279
55807
37951
38480
19677
19679
16479
45277
36927
33039
27679
19551
12899
27235
1300
1124
1165
18530
47181
47183
36959
47773
335
33032
1214
1162
1276
1215
77
55353
32493
32495
47775
23103
18975
27916
20491
27919
45727
20635
43087
16655
25119
27917
16495
30959
20591
33439
28911
36943
57839
27918
45135
49455
18703
49519
20523
18655
19727
38991
57711
33071
20719
26895
20619
18527
24847
49647
35375
16523
49176
1250
1255
1251
280
29599
51257
38637
38639
23227
25175
36879
29371
35487
31471
34895
32863
34119
33033
4192
1373
1199
268
1390
34118
59661
41119
19007
59663
36975
21055
28783
32927
16443
20507
57647
37407
22715
6
37315
39343
384
1156
1249
757
22654
22655
2319
51471
43566
20607
26927
38151
1281
1239
55869
270
43887
43886
43375
43567
38127
32879
49711
47564
47567
47565
45391
33135
33103
39247
47439
35183
35151
267
28047
16783
39375
37199
22719
8235
20623
19855
18831
25999
1391
1389
17
5
37126
62798
62799
43055
24747
16463
20559
17807
37135
20495
20575
1277
1272
1279
1055
21
49161
43310
43311
54607
53583
49487
24607
47566
41007
61775
34863
16483
37166
1321
20766
20511
42351
37326
33028
32818
1187
40978
260
1244
1154
1245
20891
243
37567
37327
36685
36175
36687
24731
34159
21536
35119
16419
37023
21537
34127
16387
37007
37055
46
1392
1125
20763
17231
31316
16719
37535
113
1081
1381
1039
9807
34095
40991
1127
1374
1301
1143
1303
20895
277
529
38338
47408
33075
47409
37171
47411
57919
723
1382
1174
16398
20767
32772
62752
33059
259
62755
33360
49215
27981
27983
45087
19791
41631
53539
37504
37507
62753
37505
33043
32899
26959
16386
49443
9295
18767
45215
36867
36995
49209
1182
1339
1297
288
38210
26976
27412
8271
26979
16571
33311
18787
26977
54563
49727
21179
16739
41519
20514
35083
35409
1237
1045
1202
1236
533
36368
34835
32787
291
36371
20487
25633
36369

--- Conjunto 1 ---
0
1
3
33091
74
38339
75
80
7
753
35307
27234
79
73
32770
87
139
748
749
11
38343
32775
83
29595
12896
1254
32771
39342
33030
27235
33094
32768
82
16387
15
38211
1407
364
1087
86
31
1200
32779
1183
783
71
759
56889
20895
56891
33027
1255
757
33024
8
13
38215
25641
10787
27981
21637
57919
47
43567
25643
37504
25647
62753
43566
45391
47564
31419
21539
36368
28047
16427
16415
16395
26976
27983
10785
37505
62752
21639
43
36995
25645
36371
62755
47567
33103
24623
32787
271
26979
37507
16431
16399
16519
33039
335
17451
32783
24619
33059
16655
32815
16443
20615
19855
20543
31423
22719
17455
47439
26959
34831
16783
16719
36369
49167
18787
30815
53539
29375
47565
42034
81
78
67
32776
21403
1184
37187
27439
32786
33090
1319
1317
1262
1271
1270
33026
20763
625
33095
4
50049
34835
20671
16391
18767
26977
50051
16643
20575
34863
20507
32899
35
16675
20539
37135
57903
40766
37199
40767
33035
37183
39743
23231
16739
40255
43055
39231
19727
38480
41393
33075
10275
41395
41007
41267
33055
8227
33087
18831
49539
16575
19007
33043
41519
28863
16479
39247
22623
21183
41363
49208
143
23
33031
755
750
12899
1221
4164
33693
33695
1274
1295
1119
1275
26
1034
1312
10
38338
37122
42753
49155
16411
42755
38207
27023
135
35859
20487
33811
16543
49411
16447
37326
23227
37327
33203
42243
18527
36685
36175
35179
1231
35408
32772
37127
5
1306
1150
563
29599
19
49176
32340
48145
48147
40979
44051
36687
41219
37131
46099
21536
21537
20515
16419
2083
33071
8739
24587
751
1327
257
1348
16450
37191
565
531
51778
51779
51267
32847
33171
59696
59699
33047
37124
32774
34118
620
1297
367
1315
1109
1299
27
55865
37319
46658
59703
49431
46659
51511
45075
59697
45123
57710
57711
49519
49463
45635
49423
32835
46147
20667
36931
32673
32675
49219
31651
20899
16803
259
20771
18851
31139
35151
12
347
6918
22715
32163
29091
34051
20511
49731
66
38214
37186
17
1267
6
691
37190
42146
33135
32803
21179
43027
291
49455
32799
42147
49215
32831
49727
32931
41027
25175
33360
41123
49183
33028
4195
16
1240
1220
1076
36930
57407
49487
64
1303
278
1366
1287
279
26723
47715
49211
36963
45155
33827
20623
1067
43664
19791
43665
4192
365
1118
1148
1238
77
1102
1187
21
16115
32791
41623
43667
4211
43671
57039
49231
53455
20635
28859
16571
36867
53327
56015
32066
22851
32067
55375
20639
16707
43159
323
43669
55503
41111
49199
33431
20803
23875
41495
49160
1326
327
1351
34055
55395
16527
49251
53347
40983
30911
19135
16475
56527
20514
1192
1179
28707
28767
16959
17087
15987
32919
8307
30907
41235
95
49359
12403
31043
44
38210
33032
1252
1209
1060
1031
2
38964
36919
38967
14579
16463
16081
42035
241
1379
1382
303
529
32683
60708
60709
60711
32823
18755
38703
16083
38965
8407
37167
37679
49447
38191
11863
39058
39059
37011
51299
8279
36883
14039
12384
1232
68
49209
41639
27412
41636
266
70
351
6558
6919
6821
6823
4358
893
37123
69
4359
16087
13399
13015
24607
15063
32343
41637
51507
49427
49459
41127
35411
1208
1214
1215
1358
1212
1211
49181
264
31492
28935
29447
29371
31495
20743
16647
35091
33063
32915
32807
59687
56895
32533
32535
31493
51495
8235
16663
30999
57651
16559
64577
64583
49
1294
1239
1123
1205
18
1111
20891
36549
32839
58439
36551
28951
23303
49223
36096
64579
36097
36099
31511
36039
22791
42099
18695
42067
35075
51475
263
36103
33795
32851
41043
33863
29603
9
12388
1203
1089
49179
55867
30645
29111
30647
21055
62535
20919
57415
24855
35911
41107
41619
1066
1108
1070
7285
7287
5239
53319
29623
33875
29463
4183
39343
1157
1263
22807
22806
34887
20791
25633
50786
1180
300
1218
1036
55353
26678
50791
26679
53967
49255
49163
50787
16695
41491
42288
42291
50279
18487
42289
42295
43155
4215
34099
20759
36787
36275
35251
119
42293

--- Conjunto 2 ---
25641
7285
21637
16427
15
32066
25647
32067
31419
43664
11
47
24619
42291
42288
22806
25643
36787
26678
43665
57039
16391
21639
43667
30645
42289
50786
3
32787
32771
22807
40979
36275
26679
17451
49255
43
31423
16399
50787
17455
20919
33047
16411
7287
16707
33043
41619
50791
31043
33027
43155
16431
30647
33203
67
53455
18755
25645
7
24623
323
16663
6263
29375
35307
49208
13
139
8
38339
80
81
83
82
74
783
78
0
1
75
753
38215
73
271
748
111
38343
623
29595
49211
4192
12896
35179
364
1221
79
33693
37187
1407
1270
9
1175
33095
6
49209
1271
1312
32775
38211
32768
71
755
24
56889
56891
33031
33091
42118
27412
42034
35123
42119
87
22851
49159
33075
16415
4215
16519
23227
16407
20615
16647
20803
49223
42295
41095
16443
20667
23875
49231
22715
18487
50279
32903
4183
41107
20539
12
33090
143
351
6558
70
6559
266
32774
6396
6439
4391
287
920
284
295
263
927
259
412
923
924
4510
4511
267
892
4383
415
383
894
4382
4359
28
6399
256
6381
37186
6397
33026
69
85
37190
32839
55503
32779
33799
32915
41267
20507
16081
18455
135
16083
8275
15955
13011
53327
14035
16575
19
33927
34099
12371
21183
29371
42293
16395
32777
38703
20759
42259
21539
20515
751
1231
35411
35408
35409
625
1389
367
257
1391
1150
4
62422
27234
62423
37167
33039
53591
33079
32791
34067
8403
61911
16439
33071
33035
38480
39059
34103
39058
13395
4179
13523
32783
18439
54231
61783
49767
12499
21179
20671
34071
36147
37011
35091
62295
27235
1255
37123
39342
33068
33088
1212
1138
1201
1164
1215
1213
1183
16451
37191
33030
32183
23231
31159
8787
13907
12883
32340
57362
34227
57367
115
32770
750
1184
27439
1373
1358
1223
1095
33671
49431
57363
33159
28859
38191
30135
20791
57903
38417
38419
36883
37143
38421
16447
49175
29111
38836
38837
38839
37303
37395
15571
22719
38327
21055
38423
54103
33207
37175
20487
36887
53719
16543
37399
14931
33024
37315
1107
1111
264
1207
270
32776
20895
32795
38338
14327
13687
279
15059
53527
12663
12791
13815
37679
33067
64577
16823
64579
32835
49219
63555
61507
62531
60483
36096
36099
12899
34051
1237
1241
1115
34115
1239
36407
37907
55363
32823
35895
33303
42099
36097
32851
53315
42067
31
57411
33360
1254
39343
1238
1209
1047
759
23
5
2
36632
36633
36123
36635
27555
1187
16396
1332
1119
1333
27
21407
627
52731
52728
52603
54339
8235
33051
50523
18855
52729
27617
26979
27495
34871
20543
27559
49419
26983
16419
27619
27623
16679
33875
49435
27111
16387
42964
33111
42967
18787
16675
51267
42965
42455
42327
18723
34135
39
26919
18727
16643
27491
16423
42263
16739
12900
77
1097
1068
1211
757
31640
31643
41303
16743
35099
52730
31641
30907
20891
51547
37319
411
926
996
997
286
10762
4866
4822
4845
4867
4829
4792
10250
4783
4703
4251
66
929
4847
3011
4782
4871
4653
161
4355
21936
19194
8274
8815
4286
17760
17763
3025
9739
9738
10
8251
10763
2574
4831
7908
7911
4111
4639
886
884
877
887
10255
4848
4851
4115
14
2059
10766
2063
991
17009
2058
4765
9152
8515
4864
8647
4655
4865
4928
4903
4902
4869
4916
7909
4127
8255
131
23726
4319
4151
4849
4727
4855
4099
4197
9155
9159
8512
9153
4920
4923
4921
4364
4957
324
4119
68
4723
4107
9156
9024
4447
4974
8239
4408
4924
8516
6194
4875
4879
8643
4663
4114
4834
4835
4839
4416
4823
8661
4825
8367
8366
4259
4363
9028
9040
8004
8912
4627
22242
4795
4870
4926
8915
4905
7304
4996
4103
4951
4999
4971
4968
4969
4439
4358
6181
4940
9041
6183
8320
8323
8321
4975
4463
343
8212
8400
8913
20
4459
4917
11792
3410
8528
11793
9043
8058
4981
9219
8482
8483
4931
4994
8724
8487
528
885
4631
4781
4824
928
4191
8640
163
4843
4143
6179
4828
4941
4842
6614
6615
4958
4567
344
6628
354
252544
6631
252488
252616
252617
4120
4826
4840
325
9223
8916
10256
3411
3415
7307
4367
4927
4913
8202
931
4235
372
27413
52571
27047
27107
49251
51483
49155
16807
50275
17
32683
1397
62651
62648
41043
16667
20763
49307
28863
61627
49763
31131
62649
51579
29083
4164
1094
1103
18531
35083
32633
1067
16731
32635
29563
24867
31099
29379
38214
749
1191
1399
86
1351
38210
64041
53435
32811
18791
20859
29383
64043
16763
18919
54386
32867
54387
32855
53367
53331
54391
54355
53335
17055
54359
22939
20511
49235
49171
42133
42135
29051
33815
53803
49339
49239
31611
35251
53363
21191
61995
19007
16455
22811
33943
32923
1393
1382
20762
38481
54459
32919
32907
21063
32123
55851
64033
53291
49179
1275
1274
1121
1319
42745
20679
42747
49195
91
42235
16571
12388
1262
1102
691
21403
33094
13610
20551
4395
41019
42107
38695
13611
40740
33063
42035
1123
1383
29599
37122
17034
41111
17035
16523
1323
40741
299
28434
26903
16659
28439
28435
42619
26899
42517
27923
40743
18707
42519
42043
42007
39207
17026
40983
37159
18711
41083
37271
1110
1122
1101
32772
16671
14746
14747
12587
4507
25175
283
12699
4379
26915
27927
18851
27043
42011
37127
35115
4195
1362
1355
16418
1363
1367
34119
33028
57706
49515
57707
20639
35
16803
17087
20623
33038
561
1125
1124
1392
1386
1127
17163
19299
33131
16651
27411
37671
25633
42839
275
20324
12384
1185
18735
1344
332
1357
1356
567
54651
53595
20327
16711
29155
29027
20835
6555
20325
29031
20839
20771
20483
20903
20775
15447
20963
15446
13399
8279
9303
53627
10327
49499
33115
11351
49483
1359
288
57019
19815
53947
12375

--- Conjunto 3 ---
20324
25641
27555
15446
11
47
25643
29155
26979
27619
31419
57706
21637
42964
31423
57019
3
17163
16427
25647
15447
54651
16739
16643
7
21639
33035
16387
16431
16675
87
20615
18723
18787
24619
17451
43
53627
15
18851
23
24623
27491
16399
16419
27617
16395
20671
53595
35307
32340
29379
29159
18791
20547
21187
42967
28867
42965
28739
21059
20483
57903
54386
17455
32791
49163
54387
21539
13
139
38339
80
83
32768
33090
81
82
74
79
78
0
75
1
753
73
143
783
748
38343
29595
12896
1231
32771
37187
35408
33091
37186
38211
1407
32775
367
1359
332
1357
364
32774
6
33027
33067
1150
37191
71
17
21403
56889
755
20891
33030
5
19
264
57307
33047
32776
27234
49499
16743
53331
8279
29251
20775
49235
21183
20327
20835
42455
16575
19815
16451
16391
16711
16651
41303
263
20771
19135
16647
32779
34135
38480
42133
56795
42135
49155
16415
20839
25645
20963
55643
29375
55771
259
53363
53435
28963
14423
28863
35179
559
33031
751
1254
1255
4
39342
1408
1392
33026
1395
1183
67
49211
62876
49208
29027
33051
33943
32795
20515
62877
53663
16519
20739
20667
49439
62879
54687
55995
12375
30907
28229
16679
42003
42035
42034
110
1184
27439
35083
1345
1358
1270
32772
759
38215
33094
33024
54812
54815
53403
26695
9303
32787
13399
28231
53279
30419
54813
16467
20563
33055
41111
20691
49179
20539
29395
23227
30423
53791
28883
49567
20499
16543
18619
16455
28859
15574
16411
33183
15575
8407
54355
13527
20675
49167
16447
36895
24587
32835
28755
21203
49435
49183
16443
32919
32799
4115
267
1221
32770
34051
33693
1212
22
1251
1213
1215
1312
49177
55867
32188
35115
16403
32191
20567
25671
18503
20695
16471
28887
31167
20927
24647
23231
10455
16831
20543
16703
27719
30143
40740
33039
40743
33063
37159
32189
40741
9431
49171
33028
12
917
84
70
906
910
919
907
407
33095
394
21
6396
6399
351
6439
6558
356
6381
6271
4127
4391
6559
69
279
32783
3339
359
3337
35119
32780
344
6441
6457
6459
249984
4415
6443
303
4395
6447
6539
4399
6440
35183
6425
6431
4379
4411
10
277
405
2954
2319
6456
4141
4111
6463
791
4363
271
6397
6159
18
3343
20
1291
37315
21075
29907
28434
28435
239
2
34119
1349
1348
1285
1368
1351
324
55420
29119
55421
12503
27923
55423
4311
39719
16659
38183
42517
275
42007
40983
42519
53535
287
41495
215
27207
18707
20799
40231
39207
37671
29911
49231
750
27235
1374
365
1307
1353
8
16
59901
38695
11479
59903
55391
29399
53327
53343
32807
26899
34037
85
749
529
256
1309
86
1311
29599
53305
1185
48655
48653
59775
45583
29783
16407
18751
34007
35111
24851
45071
49471
34935
34932
25175
32848
33815
34903
43023
34933
32855
23999
27591
32839
18759
20511
34039
34839
51519
40975
49535
29371
27079
26951
34823
27463
20507
38214
1249
1121
1286
49176
49
53819
56891
1223
38541
51487
8235
25633
41487
33423
20325
38543
37007
28703
1103
1280
1382
1393
1387
1383
61181
49215
61183
59647
34887
22715
47631
38031
20639
34819
37519
32911
59519
20487
12387
12899
37123
1326
1271
53307
51550
33799
51551
49279
33103
19303
41062
41063
18439
37190
687
38279
1290
1240
1295
35082
45470
37279
45471
18727
28997
28996
28999
20807
327
37151
32851
39047
135
33099
32903
11351
57439
41031
36999
57407
57471
36871
49503
4192
328
1390
20895
62814
62815
53599
20635
59487
4423
54623
33119
21179
60031
49247
37147
66
14
35411
1279
1277
1305
1339
43214
43215
32871
4183
34115
38210
1281
77
43871
43359
43087
25159
34895
54214
1252
1143
1300
21407
39007
53575
32847
54215
53511
36959
32863
8239
32843
28805
28807
49159
37067
37064
61791
53255
36939
22227
36875
41311
35167
34831
51
33695
1172
1126
1075
49160
1175
31
25407
27412
37065
2119
33847
37003
33032
33360
16416
35412
37127
1091
1219
33295
33911
26723
18491
16655
1267
1043
1164
1239
41539
41536
41537
53703
33975
39239
1187
38338
1391
270
32793
62771
62768
49459
61747
35685
35175
33127
53555
35687
24895
62769
49427
17215
35079
33879
38483
34088
34091
34089
41027
16959
18887
1179
1176
1072
38342
26096
25971
17683
26099
35143
54579
25875
691
35409
1197
1214
1067
268
55865
29568
26097
29569
29571
347
6918
21379
20867
16571
33043
1167
1100
1208
20763
37319
535
24529

--- Conjunto 4 ---

