4096
250000
Quant grupos: 5
Media quant grupos: 965.25
--- Conjunto 0 ---
102567
230763
102575
86550
207539
125679
131183
141420
228398
102591
133817
65599
129709
15
68908
217590
215661
192295
65727
47
65583
63
133823
131119
102583
175
141423
117503
217598
207551
125695
65711
98495
82607
98479
141421
191
133821
196991
139375
197679
213375
84735
217586
196671
129711
217471
129725
228399
131263
65663
131135
69807
131775
131391
92927
82559
196927
125613
207547
222255
115375
214063
125615
115455
224303
213311
31
74415
66223
66863
86558
207543
123565
117423
86559
65839
66079
196799
68911
90799
82463
205503
65567
141228
149998
147823
132399
189743
149871
69823
147503
149999
213374
147951
213503
68909
231612
148783
157481
132143
156973
156975
82671
82063
140719
54
558
153356
153359
332
320
556
335
334
330
132111
299
3135
312
323
3
7
152847
303
258
319
3015
300
132127
294
302
49
2993
118382
86156
51584
4925
293
351
153372
301
65673
317
131087
141633
1462
35
5631
1470
5387
5403
1458
5429
5391
86159
1295
152860
1457
4600
285
287
118383
3023
223462
153368
227558
153357
148767
19
67
3039
326
321
318
131072
132271
220463
196833
108936
157487
157485
123567
147567
82462
213615
214319
218415
90797
225277
225269
215663
127677
147759
225279
214527
224767
197935
226351
131375
222463
196719
62
60
152844
79
324
152856
559
140460
132104
148751
148760
132367
316
132383
5018
132120
157371
148671
327
5455
5448
5421
5436
5632
153375
131084
4734
148508
2503
227566
230896
230911
65791
90815
198015
222719
198143
230900
115373
217407
66175
217599
66239
149615
230908
129360
229492
2
6
14
1
13
0
95
33
557
333
325
342
349
283
1087
572
284
16
339
152863
136463
42
148495
168142
4739
132096
109758
148748
168143
5380
168138
5388
132140
5081
131096
2527
219185
229503
196735
82159
219189
219197
66303
543
148527
125631
125629
214271
123581
220431
214143
107119
197695
229500
133311
215103
74367
107135
213055
73839
127
74351
141231
112763
197759
112767
111
230909
65647
131199
108671
106623
229501
66159
73855
196733
132479
230910
132223
196847
348
148764
140716
177
2997
3001
16641
4893
134775
131107
131080
207
331
5033
41
5093
4613
5648
5037
5249
196845
271
196642
152600
4885
159986
219199
147647
157872
157887
157884
157876
149695
159990
159998
82175
157886
157885
82687
115371
131327
132376
350
32
3007
57
17
149276
141647
131103
153373
5157
1061
5143
259
132360
44
181107
8
180607
66111
149694
115439
147583
159999
181119
223231
151807
153923
78711
78719
65919
181111
147711
132159
110719
78207
153358
51596
108940
1471
5201
4496
4661
11
74121
153374
188724
188732
188735
147839
191094
1343
132128
4857
4649
5107
4861
309
310
221414
129973
129981
191102
191103
92415
75903
111665
81967
111677
182911
82543
111679
172351
66623
100479
129983
111669
65983
123839
82367
133759
115647
147775
231357
111673
180543
197823
74815
198079
82095
74623
231359
78911
155967
230847
132287
82879
188733
107583
82479
74111
99391
198077
198591
107581
78909
66621
141503
66095
196705
5001
5248
5021
131105
5007
1122
118398
205030
154550
154559
92911
100700
154558
147519
117487
141951
182910
125887
74813
139583
131455
197821
136476
132132
3005
16769
5494
4799
1074
5560
34
136472
238647
231615
164479
76031
238655
147903
84223
230845
115135
131711
65775
82031
230591
149631
90863
141229
27
149263
132108
157375
1536
4626
4997
132380
58
3031
90616
90620
9279
205887
174264
82431
107710
152607
5124
4959
131106
223478
1083
175549
175545
90623
173503
174268
152511
175551
131519
174269
198844
190259
190271
190263
574
30
181567
132543
132415
174271
156991
189759
140735
140607
1071
112191
67135
157503
148799
90879
32943
82495
79423
75327
103999
48
5567
5557
5564
71
23
148504
251194
251198
172223
98989
251199
90621
65855
82239
71231
148543
81983
229502
82303
51585
5111
5089
5119
4223
87
196646
46
173243
173247
218431
214335
197951
98431
190267
174270
164031
247103
139455
65935
575
51599
148667
108941
5088
5286
83066
82047
169404
169407
149306
131104
132112
131274
4751
163914
148761
1040
4976
4617
4979
4980
83567
975
132124
150269
169405
149311
146741
144701
146749
149310
144703
150271
146751
98927
136639
86145
140479
65679
148095
86157
86149
82061
136511
148542
65551
140605
148798
148031
148223
53
185
196641
4499
5570
5566
4503
83054
136479
68926
125264
66879
68927
150143
132413
455
4325
5526
5562
4159
39231
65677
108943
136383
163967
132364
4510
5499
5207
5203
4574
5215
74120
83582
1111
227567
2119
131083
153352
189632
132303
189636
148687
189647
189644
231676
2895
5529
4697
65594
83071
131088
132099
251009
132239
231679
1039
231677
251021
133440
196863
111927
111935
180351
79167
150142
166527
214159
150019
150031
251013
150023
132175
131599
214157
107839
66
65544
197775
37183
75071
251023
180863
147471
231678
147983
196837
140463
4728
5358
5188
4735
4732
1153
152840
56
132107
107906
109649
189646
33087
107918
66287
107919
133247
75151
107910
218255
198911
84719
66959
166079
82056
140335
141637
4948
4180
4808
4947
2135
145475
139343
131151
1167
145487
81951
75150
102535
145479

--- Conjunto 1 ---
3
7
15
132367
299
153356
303
323
31
3015
153359
141228
108936
300
316
319
294
131080
351
302
556
2993
2997
47
153372
131103
335
118382
301
51584
5018
131087
293
157371
132120
108941
132377
131072
330
65551
63
317
152847
5631
1457
4348
346
124
4801
131119
4349
153375
4734
153373
3135
285
287
3039
227558
83583
227566
227567
132108
5022
3031
320
322
334
321
318
132096
35
54
152863
102567
108940
43148
111927
86550
231676
191
174269
102575
150019
102591
251013
174264
181567
190259
125679
86156
145475
112191
65711
65663
65583
107906
111935
43140
150023
251009
174268
86558
175
147983
174271
102583
145487
251021
190271
132415
98495
131151
1087
107918
150031
65727
65599
66079
132159
1343
69807
131135
98479
231679
132239
66623
131263
107919
65775
82463
231677
79423
82175
125695
90879
251023
69823
189759
86559
107839
139327
67135
82462
66879
145479
196671
75151
123262
214159
117503
190263
168138
558
324
332
348
350
312
0
271
131104
85615
4739
148748
132111
109758
131146
148751
132360
1458
5277
5269
5051
5085
132364
5081
153358
132104
152844
83055
2503
132383
326
19
62
200197
139343
174270
82687
65567
75071
127
107910
200205
66575
82303
139455
82031
131599
200207
143
66703
82159
43151
148543
231612
163065
148799
123263
163069
132143
148735
158975
92927
66959
161023
172223
156927
78911
153923
165573
132303
41103
165583
164031
165071
163071
132223
165581
32911
132351
75327
198159
66303
76031
132175
166079
115455
65919
198157
156991
90495
43149
84735
165455
196833
153357
572
95
16
132127
3023
3001
51596
4885
16657
134775
134783
5098
5180
4478
5102
106
4138
5249
42
83582
153352
148488
171014
196623
65647
171022
152831
108095
171023
158973
543
143439
43150
81951
132110
135247
66175
197647
65791
149306
92911
149310
148798
149311
148733
132815
168975
74111
146741
144703
140719
559
327
61
4925
132124
141633
131089
148508
23
5224
5048
141229
4600
2255
118398
79
196706
131091
129360
192583
192591
163919
176207
146749
164879
148527
184399
86145
86157
144701
86149
82063
132173
65679
132413
8335
132287
161021
34959
98351
146751
131088
331
152860
3005
1
5309
140716
1030
5393
65800
148767
30
2263
2127
207112
207119
207116
205071
131391
82061
207117
132687
238784
238796
132191
148496
131096
136472
2481
5189
1471
5261
4437
5197
132376
83054
111
223462
149276
186633
238815
197727
186637
186639
206047
180303
238788
180493
230843
230847
198079
197855
182543
197695
131343
238799
184591
82671
147727
130695
130703
196879
126607
83599
86159
67215
1039
83087
75407
168974
164878
124559
140607
2
6
14
5
325
49
557
333
1391
27673
90863
128655
116367
136207
82047
198927
3007
267
152857
148744
71
17
5083
5068
5087
27
2767
153374
148511
148760
168586
132543
131215
84719
172111
238812
1167
197823
131199
168590
196863
131327
198911
168591
131727
164111
147725
100700
133440
164495
196735
12
132112
349
16783
67
4961
33
4881
4306
132123
147723
229631
197951
238797
238814
238813
131083
259
5214
1114
5464
5151
1119
106895
152856
108943
347
55
190860
196847
147855
180623
190863
135311
82495
4271
174658
190861
79167
174662
131075
16768
1461
4473
313
4593
4962
4477
4953
310
4409
148764
4751
87
44
64461
231678
131167
166494
174670
190862
16847
174687
64463
228157
196927
213823
82543
115439
66287
147471
213309
224061
213821
228159
128265
91407
128269
221503
82559
166495
66831
213311
172639
1295
174686
91405
66829
174678
222015
128271
164447
196799
224063
133726
83215
95503
165983
196641
24
5394
5305
5100
1310
5407
573
85614
136220
221582
222013
221583
66111
197007
213391
163935
123647
76543
65903
95501
226109
164446
82057
149279
4768
32
4717
43
114831
115071
67839
68351
63951
131679
33231
133727
123631
221501
164943
383
197439
49615
124173
132380
177
131084
131100
152840
132128
5009
4837
4241
4127
8
155856
147679
155871
196925
58319
65855
64324
155870
168143
967
5518
10
5529
1215
5519
2119
130733
242833
155868
242837
242845
226111
131295
75023
154815
64332
155860
33631
148671
242847
150719
197791
152767
155869
47455
156235
156239
242832
148047
205199
33119
147535
56159
132107
49537
196845
5071
4929
275
34
196837
166558
109649
166546
45
1067
40
283
1407
26234
27677
27287
27295
17433
3572
148495
278
17439
284
64351
53599
64348
52063
98431
60253
129372
166550
206031
166559
197711
197839
164511
132121
141645
141647
4834
4858
4863
5435
4850
4846
196726
50
1059
125971
115743
117791
117487
125983
238798
64349
82975
66591
140367
132255
131663
131231
238751
227582
130132
130140
125975
130143
205983
32943
66655
123999
230607
66239
258310
258334
199
5179
4956
26
4952
4493
4820
75
4447
83567
146197
131359
233758
146205
115807
93215
196894
144385
258318
144389
144397
126047
144157
144399
146207
136205
91167
168397
168399
136223
74783
168271
258335
140303
205903
1055
144413
135183
131405
130142
131407
164175
168269
135455
118415
36
575
1470
49553
4814
4356
4602
196719
223471
122582
116447
122590
84223
250142
83679
229663
99423
143647
196895
144159
130141
164430
164431
174671
166479
122591
116446
132109
4266
4434
4927
4270
4282
29143
29151
20959
132125
213278
118495
135503
117855
16735
51599
157375
4630
5052
4436
22
1058
91228
91224
139551
83167
102535
166478
124175
141231
203144
168142
118383
4733
4721
1202
4874
83566
196838
4145
221414
106713
91229
203165
106717
215871
203167
197023
106719
196655
203148
66783
165967
169155
169167
201117
73951
169159
169183
197020
91231
172623
16863
136399
83039
147151
145103
203164
141007
131662
479
169175
203149
172622

--- Conjunto 2 ---
102567
29143
86550
65711
63
128265
102591
128269
125679
174658
47
191
98479
169167
169155
91224
102575
147151
106713
174662
228157
65567
86558
174670
122582
169159
203144
15
131151
131087
91231
163919
145103
91228
106717
69807
197023
175
125695
65599
203148
69823
83679
132191
65647
29151
66831
132175
166478
128271
203165
124175
203164
166479
132111
172622
65727
122590
132815
271
213823
75023
102583
31
98495
172623
174671
1295
66655
25055
117503
141228
196833
54
558
34
153356
153357
320
556
324
332
330
153359
299
3135
312
323
3
7
303
335
3015
300
152863
294
302
1087
2993
447
152860
153372
2495
153375
118382
301
196847
16769
51584
140716
1458
4885
317
293
134775
196845
319
148748
5631
5083
36
4703
2
132383
27
196837
5087
5249
131103
152844
131072
318
559
285
287
3023
98
227558
148751
0
227566
132127
326
334
132367
168474
109649
168138
140495
168478
203167
351
86559
91407
196639
132303
65663
16863
168479
228159
66079
131150
92911
65631
82463
66591
83215
196895
169183
164383
65775
82671
95501
196927
90863
73951
201119
131615
16735
164431
82159
82462
106719
6
14
49
13
1
132360
321
557
573
325
349
1407
26234
44
333
132361
283
26239
1066
131096
25587
25758
316
152847
17567
1151
3681
1137
25759
1183
26238
1055
3709
1039
1649
3693
3697
18042
18047
1071
3568
17535
1661
1532
3576
1535
17530
17439
1663
113
17566
25599
1027
25524
322
148744
25591
132104
278
286
342
284
148760
164430
131359
222015
131119
135199
131663
165071
82031
64324
73823
543
64334
33103
64332
201117
63823
52047
213311
56143
64333
66303
79
135711
136399
49487
64335
84735
117487
169175
65583
131108
154815
83039
169039
86156
82060
3005
4925
141645
141633
24
141637
2503
5559
51
1470
1029
5565
5567
4600
331
19
62
249691
108936
249695
148671
132159
214367
91230
132319
131167
136271
124173
33615
247647
65759
132287
132143
153923
156239
136415
156235
53583
16719
54095
131135
73759
216927
247135
199069
49999
84719
82687
136287
144591
148047
203166
140367
249183
108940
132364
348
65582
5022
148495
157371
132275
132352
4850
1457
4555
4804
4659
4862
50
4854
4734
65807
148767
132120
128732
92927
124639
35151
128735
128733
55631
51535
140719
129360
229450
136911
229470
132140
463
131082
3001
4739
109758
5495
5433
4893
4383
5081
132124
35
134685
197727
229454
132639
115439
152767
120543
83167
231612
153669
131165
153677
147533
147535
148575
153685
65791
66078
196703
116447
141231
155345
155349
155357
149215
149581
62285
153679
90879
153311
149583
229455
134687
84223
153693
52046
155359
216415
132831
148703
81951
147551
147549
62287
214879
153695
66175
149597
59727
132637
131080
572
3007
29
132096
149263
132108
1471
1469
4431
4447
1058
4828
1083
131105
83583
131183
196838
153352
57310
54751
1119
60239
57311
214111
56140
50655
51167
55263
150719
56142
132271
258310
67295
258318
258319
131343
229471
196879
196702
254222
246031
250127
241935
144385
144397
350
51599
45
136204
4949
4966
4460
136460
4957
153373
145631
151631
254223
196878
221455
131295
221454
143583
133213
168397
144389
131407
213262
168399
168271
136207
213263
127
144399
229647
133440
33
16
5018
157375
4954
4836
4830
4190
4958
4959
3039
95
23
11
146528
146532
144495
146540
110220
327
4751
65586
5331
4950
4479
5335
153358
111
85630
148764
2511
210925
146543
210913
210415
132109
217359
32943
132207
202095
75421
210917
153309
110471
107919
109983
139487
82175
110236
197679
107935
65679
110479
110495
66719
246030
135503
197743
108447
250126
65551
171859
132447
210927
171871
75151
66703
205071
171863
169823
169311
75423
74895
136543
159
107679
74911
66575
146542
110221
109967
65695
169055
146541
66959
131104
51600
309
4837
4389
4275
4847
3031
1059
126562
126574
165215
66975
140399
210921
126566
123631
110237
83567
206191
30
149277
5
3708
149260
1644
124
277
3707
1660
3986
3990
38
1145
43050
3711
60
279
19464
48
19288
19380
19471
19316
19169
41002
19135
18815
17007
264
3716
3719
268
19388
12045
19468
19128
19484
18612
646
17423
87746
32
76776
33096
35263
17146
71040
71055
12103
38959
38953
41
33004
43054
10298
19327
31633
31645
16447
18559
42
3547
3537
3510
3718
3549
43055
41023
38957
19395
19407
16463
58
8239
43066
8255
3966
68036
8234
19063
36608
3551
34063
19457
34590
4
18623
19461
19469
19715
19614
19610
1024
19477
19665
17421
31637
19324
21
16511
33023
527
94905
17279
16607
19399
18911
19423
16399
33020
16789
36620
19406
36622
36639
34048
36612
19682
19694
19686
17458
19830
1296
16479
272
18895
16431
36624
19325
36623
19485
36096
17790
19897
36636
32956
17634
19698
34064
24776
19500
19503
19516
34575
18655
16456
19336
19340
19356
17667
19292
34647
19303
33470
33464
17039
19301
17455
36112
36163
19404
32018
35650
18511
88970
19183
19481
19704
35662
19623
29219
19987
16415
19805
19999
19885
19873
19877
19807
17759
17433
24725
19763
36167
24732
33283
33295
33287
19901
17855
35663
1375
32850
33602
35654
82
17839
19668
47168
13643
34115
47172
36175
32232
19927
36878
33931
33935
19727
19976
19459
34898
33951
24726
24735
2114
33932
3541
19394
18527
19126
19422
19398
19299
3715
16767
34560
654
19374
16575
24718
19315
19767
19371
26456
26460
26458
19832
18271
26463
1376
26459
17
26462
26515
1417
1010176
26527
1009953
1010464
1010468
16483
19304
19361
1301
36621
36894
35666
41026
13647
13663
29231
17471
19711
19806
3545
19653
33007
34563
32808
3727
36638
19487
16943
1489
109653
141229
210287
86159
108191
108431
203151
197007
205935
196623
203149
67231
110239
201103
201101
71
130733
5564
5588
5556
131084
131099
250607
250595
164175
66671
83055
203150
197231
115455
246511
199055
124527
250599
206319
116335
108188
126575
52
16657
4860
4377
4414
74127
140332
83054
108943
130532
4271
66927
130540
118255
99471
124399
117518
201102
152856
2997
4767
148492
5596
346
5404
5598
152840
85631
256165
213743
131247
75167
83439
117534
256173
67055
75679
217545
131471
217551
131423
213471
213327
217549
217565
217423
213343
68223
217437
91759
82047
196943
217421
196687
168533
168543
116207
168541
135263
213325
215215
130541
197359
196959
256175
126447
141007
213455
84767
84766
247983
76031
65823
130543
91247
135775
131695
5572
5529
83050
227567
250598
153927
217839
131679
131631
84255
128495
250606
223407
256133
196686
213167
196719
82063
57
5101
5097
4484
5278
170983
82719
170991
196783
367
117535
168943
130542
223405
217439
66287
49553
314
5049
4410
4415
2767
85615
132376
131110
54440
82207
17583
164079
168431
154780
54444
162960
132255
168142
4495
5535
5557
118398
153374
148488
132099
68137
164447
68141
66095
54447
5295
162964
68143
1199
217567
113739
107615
66639
113759
113743
170479
107599
170071
111695
162972
74831
170079
168175
168031
156831
162975
68105
54445
163935
148639
74847
54446
164335
149087
148637
9
4441
4491
4405
131088
66687
58986
58991
58990
50351
18031
100700
575
1135
32959
50799
17519
110223
107663
111711
75407
108175
168047
148508
140460
16783
141647
5448
5420
65672
5452
5471
136476
310
132112
140463
230827
198063
230831
82559
143
67215
68351
82495
83566
132155
2247
4502
4498
5570
5544
4382
108937
4510
68652
77199
132527
66607
109647
150686
102535
171359
1103
81298
75166
49536
4743
74943
5376
1330
5430
5426
10
2271
218605
214383
81310
66847
116621
1053
116111
68655
83343
26223
116109
81302
116125
83341
218607
83357
83085
83087
81933
83613
83103
61789
83853
61785
61791
53599
33119
37215
214511
110222
41311
197999
132463
45407
197935
51585
5432
5436
132380
1153
83
4381
228078
228079
79262
68653
215791
83855
116623
49503

--- Conjunto 3 ---
81298
102567
110220
61785
47
191
102575
116621
107919
110479
125679
230827
86550
171859
125695
228078
15
68652
65711
102591
110221
61789
218605
66959
66575
31
86558
132143
65551
65727
110223
61791
66703
351
82463
74895
75151
98479
69807
175
214511
63
75407
95
218607
98495
86559
109967
65599
65679
110471
65583
82687
214383
141228
129360
117518
228079
116637
75167
82191
84751
171871
117519
115471
171863
114959
84239
82462
81935
231612
217545
69823
131167
196655
217549
86156
54
558
153359
153356
320
335
131072
132360
324
556
330
299
319
312
3
303
323
7
3015
300
318
294
302
572
3135
2993
153373
118382
301
51584
4925
131087
293
317
148751
153372
141633
132367
148744
152844
0
152847
153375
5631
131103
1471
5439
1331
5430
1458
5429
334
131096
27
132111
132271
4600
148767
285
71
287
85614
227558
3023
83567
132364
132120
23
79
326
321
1059
153357
229231
132191
131105
108936
197999
66974
213327
33119
68655
117007
83101
196943
84735
81310
83343
169823
66303
79262
116623
65807
65567
66846
66607
217551
165215
1055
83087
76543
66591
131119
136543
153923
168533
227183
168541
79263
196623
65663
83359
168543
102583
83853
222575
117503
223087
83357
1039
213455
213743
115855
57695
115455
332
348
559
140716
2239
132124
3007
5018
5022
16
157371
132108
5632
5569
1
132104
5583
4734
271
118383
196847
24
251504
140719
141231
196833
83103
116111
132207
66975
135775
131183
82063
251508
214655
66079
82959
82671
197759
251516
66847
218751
223983
49503
123631
112916
66719
168014
168142
168138
441
1470
4739
148748
109758
140332
5380
5433
5081
132127
131088
19
3039
152860
132376
132096
219249
219261
213615
106783
37215
219263
131151
53599
112925
213119
121679
219253
65871
82255
112927
251519
132223
164447
82767
196719
112924
82159
117583
92911
121695
215167
115535
198271
81999
66175
74479
65823
115439
62299
65647
132735
251518
62303
33631
217423
54111
82703
251517
196671
213325
65791
147583
98351
117006
131343
115023
84815
197743
196735
65775
131679
131199
16463
327
132268
131084
1071
4885
131080
136207
134775
152863
4850
91
5005
4854
4863
5249
196710
223471
13
128754
140463
65615
128766
82271
102687
74015
128767
82783
65887
65821
115551
106781
124671
82190
83711
98591
92927
41823
67327
82175
74013
66815
110879
120575
162960
132159
162972
132255
148639
128758
162964
37727
196687
132112
2
6
14
49
557
349
333
3670
325
44
338
283
3627
3643
3669
3679
3671
3631
313
322
1631
132383
284
1579
87
25587
25599
1406
25758
1407
26234
1427
25524
25087
16511
17567
26239
25759
26238
278
286
1119
131135
13359
1439
13351
140479
13348
22
131120
1376
25766
25828
25836
3677
1377
999938
25839
17663
25774
1215
17583
3626
25791
26158
25790
25775
17582
17599
25763
140732
25701
25727
17519
25838
17647
42
3630
1578
1109
1621
13357
11818
9279
148764
25824
16564
16447
25854
25855
3165
1117
25852
17455
1087
25591
24639
350
74
13375
82
21
5167
149260
3678
18
162975
84303
119631
162974
113739
148637
113743
316
959
8
136479
5398
5394
5141
5474
5406
575
1298
141229
221683
116479
221687
124670
50015
111695
221695
17247
158878
66639
152735
170071
102685
1103
168031
158879
148638
163935
170079
214143
1151
165983
863
108831
74831
83199
160927
156831
150687
119647
196927
3001
108937
108940
5499
1462
5231
5415
35
108943
67
136476
239604
154783
45919
239615
239613
162973
221567
117599
213311
213375
131231
107599
154782
136150
239612
131104
340
2997
2119
1024
5236
346
5083
1056
153358
5247
331
118398
83566
213222
4743
55
194621
194613
239103
182335
119135
65631
75007
136030
140447
194623
99407
180287
197887
139741
139729
139743
100700
131392
135263
139615
172095
156830
139733
131423
160926
95999
110365
131359
75039
82047
136158
110367
139359
206079
163903
198143
117487
239614
108319
107807
139295
109855
82031
152856
5007
4999
4487
5147
196705
199
215279
227567
4893
154166
135774
205951
108317
32943
131166
131102
102535
165951
133695
81302
154174
148031
114815
154175
139613
81311
4413
5120
5529
5572
5550
5535
86158
132380
244727
196863
244735
75166
238591
139551
90863
190527
152127
82559
139279
150079
131647
238079
136031
81951
62
3005
49551
51599
148495
5304
5085
4886
213231
227566
206200
135199
206207
206204
197119
116109
139357
132415
77215
164248
164252
73759
148760
347
2751
153119
5161
26
33
4960
1069
5183
140328
181881
149119
181885
74911
83085
115991
115987
115999
83231
164253
206205
1311
181887
148607
164255
131407
156191
543
132399
131615
45407
229759
164127
147999
229631
83341
229887
147487
198015
196845
16769
1314
5568
5563
83583
251258
251262
251263
214399
82543
237951
17695
218495
132479
84719
240127
106780
196991
148591
30
29
266
57
51598
141645
5116
5108
5222
5359
1457
172859
172863
131487
112926
164254
16735
136460
152840
5124
310
175484
173439
172351
100639
139583
216858
175487
153374
309
148492
5010
4575
5202
85630
156029
156031
214303
131391
216862
214047
147839
131455
32959
131375
66078
115221
115229
216863
115231
214302
196639
148269
148271
148257
247167
213023
147759
88911
175485
147503
165247
82461
140671
139327
207
140460
134783
4691
4506
4303
196641
4703
83582
127
101630
109649
148261
8479
147757
135391
136159
148015
132128
133440
53
65665
141649
148511
4364
4876
5561
133183
135646
86159
106895
135647
73967
66623
101631
5069
4173
5006
4656
4957
166156
166144
166148
214815
135390
135903
166159
156956
4751
153352
5567
5564
1083
131174
168143
251087
251073
251085
197839
246991
142743
140703
132511
148765
214223
142751
156957
156959
135902
135262
99583
251077
197711
68863
140319
135519
153935
136355
136367
136359
164111
107805
67839
75549
573
4719
4707
4290
5251
153368
104386
103887
70734
104399
104398
140575
132381
218319
166158
103503
132107
2767
34
17
131089
141637
4789
4856
4271
1075
223462
118275
104390
118279
118287
1391
27673
85519
83471
66287
132175
4670
4403
4833
83055
149279
2143
98116

--- Conjunto 4 ---

