32768
250000
Quant grupos: 5
Media quant grupos: 642.75
--- Conjunto 0 ---
12820
28845
12821
10818
25942
15709
16397
17677
28549
12823
16727
8199
16213
1
8613
27198
26957
24036
8215
5
8197
7
16389
12822
21
14687
27199
25943
15711
8213
12311
10325
12309
23
24623
17421
24709
26671
10591
24583
27183
16215
16407
8207
16391
8725
16471
16423
11615
10319
24615
15701
27781
14421
26757
14431
28037
26663
3
9301
8277
8357
10819
15445
14677
8229
8259
24599
11349
10307
25687
8195
17653
18749
18477
16549
23717
18733
8727
18437
18493
26687
28951
18597
19685
16517
19621
10333
10257
17589
6
69
19169
41
40
16513
37
391
39
0
19105
32
376
16515
36
374
14797
10769
6448
615
43
19171
8209
16385
17704
182
4
703
183
673
675
678
161
19107
575
35
377
27932
28444
18595
2
8
379
16384
16533
27557
24604
13617
18445
26701
26789
27301
28159
28158
15959
18469
26815
28095
24741
28293
16421
27807
24589
9
17557
18593
16545
16547
627
19671
18583
681
677
679
704
591
18563
312
28445
28862
28863
8223
11351
24751
27839
24767
27175
8271
8279
18701
16170
28686
11
42
135
71
17057
18561
21017
592
16512
13719
672
635
16387
315
27398
28687
24591
10269
27399
8287
67
18565
15703
26783
15447
27553
26767
13389
24711
16663
26887
9295
13391
26631
9229
15
9293
14095
24719
13
8205
16399
13583
13327
8269
9231
16559
16527
24605
22
375
2080
611
16846
16388
25
629
636
576
706
656
33
24580
19075
610
19998
18455
19734
19735
18711
19999
10271
10335
16415
18659
17705
644
132
642
22638
22575
8263
14429
18447
22639
27903
18975
19240
9838
9839
8239
18463
16519
13839
9775
6449
650
562
582
9265
23590
23591
18479
23886
167
16516
607
581
638
38
27676
16246
16247
23887
11551
9487
13958
10245
13959
22863
10317
21543
8327
12559
8247
15479
10295
16719
14455
18471
28919
22567
24727
9351
24759
10261
9327
9863
19495
28855
16535
10359
13447
10309
9263
12423
24823
17687
8261
24588
625
140
14799
25628
19318
19319
11613
12587
18439
14685
17743
15735
17447
16431
17059
2096
686
599
134
695
29830
20559
9503
29831
18487
10527
14391
16463
8221
10253
28823
18703
11357
18657
192
578
624
378
11327
1159
25735
21783
10303
13463
640
619
27934
21943
21687
19063
16439
24855
23782
23783
22695
16567
16551
19623
23719
17591
17575
133
14023
8391
19687
18599
11359
4117
10311
9927
9415
12999
694
31399
21527
12373
8231
10279
8903
18567
10247
10287
639
527
10
21655
27303
26791
24743
12303
20503
30887
17431
8241
660
10383
10255
21175
18663
16514
16409
593
20489
130
622
577
10445
121
18783
18342
18087
18343
12365
17079
10768
17559
18511
17063
8193
18503
18527
696
10381
8615
15658
8359
18767
56
540
690
519
4903
17047
20495
563
687
571
651
10447
138
264
23704
16537
18585
23705
28959
361
691
587
16386
31376
16529
129
31377
16680
24607
13990
13991
22543
9895
20815
26769
18752
18753
16521
16449
13479
24721
4647
9383
22607
18433
18497
669
648
144
13488
13706
4135
13489
8285
16655
9393
27281
24863
10589
8369
20759
17541
618
522
601
266
18184
17417
16393
145
18185
10243
12816

--- Conjunto 1 ---
0
1
16545
37
19169
40
3
376
17653
13617
39
36
16385
43
69
374
5
19171
16387
41
14797
6448
627
19671
16515
16547
16384
8193
7
19105
703
182
543
15
600
16389
591
391
35
379
28444
10447
28445
16513
378
16512
4
6
19107
12820
5393
13990
10818
28959
23
21783
12821
18752
12823
31376
22695
23782
15709
10769
18184
14023
8213
8207
8197
13488
13991
5392
10819
21
18497
12822
18185
31377
23783
16551
12311
16393
135
13489
18753
8215
8199
8259
16519
167
8725
16391
12309
16529
8327
16407
8221
10307
9927
10271
15711
11359
8727
23719
13479
17415
8391
8359
24583
9393
15407
26769
14687
21017
33
16388
10701
592
18593
13719
659
658
631
635
10381
312
2
25024
17417
10335
8195
9383
25025
8321
10287
17431
10253
16449
17
8337
10269
18567
28951
20383
18599
16517
18591
19871
11615
8369
20127
21527
19615
9863
19240
20696
16537
5137
20697
20503
20633
16527
4113
16543
9415
24769
8287
9503
16521
20759
14431
8239
19623
11311
10591
20681
24604
71
11
377
375
6449
610
2082
16846
16847
637
647
559
13
517
656
18561
21376
24577
8205
21377
19103
13511
67
17929
10243
16905
8271
24705
8223
18663
11613
16601
21121
9263
18342
18087
17589
615
17704
16386
18563
653
575
281
14799
9
24588
16170
24072
24073
20489
22025
18343
20609
18565
23049
10768
10257
8209
1041
16535
4369
12293
663
128
674
8225
18595
282
265
25889
25633
16423
16585
29848
29849
16523
18562
17059
310
648
183
657
554
649
27932
18659
23329
29851
24715
25755
22537
22561
28855
24759
24731
22817
24711
16417
23073
10333
18465
16336
16337
24609
15825
10449
8401
129
10385
9425
15569
17575
173
3459
11357
16081
14545
17025
10255
24865
8
633
345
21073
16567
16401
10589
21513
145
24727
16399
24607
16415
24863
16465
20513
12587
16680
20561
24591
16514
2097
620
538
28703
24743
32
651
139
683
643
13361
23857
24605
18481
22577
16913
10311
533
21832
9895
2096
574
619
38
551
593
10
8057
16395
20811
21833
2105
21835
28519
24615
26727
10317
14429
8285
18433
26663
28007
16033
11425
27687
10319
8353
21579
161
21834
27751
20555
24599
16715
10401
11937
20747
24580
163
675
17027
27697
8263
24625
26673
20491
15455
9567
8237
28263
596
589
14353
14383
8479
8543
7993
16459
4153
15453
20617
47
24679
6201
15521
22
16516
626
604
530
515
19482
18459
19483
7289
8231
8040
120
689
691
151
264
16341
30354
30355
16411
9377
19351
8041
4203
18583
18839
24723
19095
5931
19529
18505
25649
4139
18441
7019
6192
616
34
20819
13706
20818
133
175
3279
3410
3411
2179
446
8043
6699
6507
12303
7531
16171
25753
24713
24729
20563
17705
607
679
606
605
24590
132
15746
14467
14723
14685
15747
10371
8323
17545
16531
16457
16403
29843
28447
16266
16267
25747
4117
8331
15499
28825
8279
32288
32291
24
561
602
555
10445
18274
16419
29219
18275
14475
11651
24611
18048
32289
18049
15755
18019
11395
21049
9347
21033
17537
25737
131
18051
16897
16425
20521
16931
14801
6194
601
544
24589
27933
15322
14555
15323
10527
31267
10459
28707
12427
17955
20553
20809
535
3642
3643
2619
26659
14811
16937
14731
2091
578
11403
17443
10395
12816
25393
590
150
609
518
27676
13339
25395
26983
24627
24581
8347
20745
21144
21145
25139
9243
21147
21577
2107
17049
10379
18393
18137
17625
59
21146

--- Conjunto 2 ---
12820
3642
10818
8213
7
16033
12823
15709
21832
5
23
12309
21145
21144
11403
12821
18393
13339
28519
8195
10819
21833
15322
25393
1
16393
16385
20489
18137
8725
24627
21
15711
8199
8727
10459
16523
8205
3643
8353
16521
20809
25395
15521
16513
21577
8215
15323
16601
33
26727
9377
12822
3
12311
161
8331
3131
14687
17653
24604
6
69
4
19169
40
41
37
391
39
0
376
19107
36
135
374
55
19171
311
14797
24605
2096
6448
17589
182
610
16846
18593
703
635
587
16547
656
16387
19105
16384
35
377
12
28444
28445
16515
16545
21059
13706
21017
17561
43
11425
24579
16537
8207
2107
8259
11613
8203
10307
8323
10401
24611
21147
20547
8221
10333
11937
24615
11357
9243
25139
16451
2091
20553
10269
71
175
3279
133
3198
3219
2195
143
460
142
147
131
463
129
206
461
462
2255
446
2191
207
191
447
2179
14
3199
128
3190
34
42
18595
16419
27751
16389
16899
16457
20633
10253
8040
9227
67
8041
4137
7977
6505
26663
7017
8287
9
16963
17049
6185
10591
14685
21146
8197
16388
19351
10379
21129
10769
10257
375
615
17705
17704
312
694
183
695
575
2
31211
13617
18583
16519
26795
16539
16395
17033
4201
30955
8219
16535
16517
19240
19529
17051
6697
2089
6761
16391
9219
27115
30891
24883
6249
10589
10335
17035
18073
18505
17545
31147
627
18561
19671
16534
16544
606
569
600
582
607
591
8225
16091
11615
15579
4393
6953
6441
16170
28681
17113
28683
57
592
13719
686
679
611
547
16835
24715
16579
14429
19095
15067
10395
28951
19208
19209
18441
18571
19210
8223
24587
14555
19418
19419
18651
18697
7785
11359
19163
10527
19211
27051
16603
18587
10243
18443
26859
8271
18699
7465
16512
18657
553
555
132
603
10447
16397
7163
6843
139
7529
26763
6331
6395
6907
18839
16533
32288
8411
32289
16417
24609
31777
30753
31265
30241
18048
18049
6449
17025
618
620
557
17057
619
18203
18953
27681
16411
17947
16651
21049
16425
26657
21033
15
28705
16680
604
523
379
11
18316
18061
18317
13777
593
8198
666
559
13
10703
313
26365
26364
26301
27169
4117
16525
25261
9427
13808
13489
13747
17435
10271
13779
24709
13491
8209
13809
13811
8339
16937
24717
13555
8193
21482
16555
21483
9393
8337
25633
21227
21163
9361
17067
19
13459
9363
8321
13745
8211
21131
8369
6450
38
548
534
605
378
15820
15821
20651
8371
17549
15453
10445
25773
18659
205
498
5381
2433
2411
2422
2414
2396
5125
2391
2351
2125
464
2423
1505
2435
2326
80
2177
10968
9597
4407
2143
8880
8881
1512
4869
4125
1287
2415
3954
3955
2055
2319
443
442
438
5127
2424
2425
2057
1029
5383
1031
495
8504
2382
4576
4257
2432
4323
2327
2464
2451
2434
2458
2063
4127
65
11863
2159
2075
2363
2427
2049
2098
4577
4579
4256
2460
2461
2182
2478
162
2059
2361
2053
4578
4512
2223
2487
4119
2204
2462
4258
3097
2437
2439
4321
2331
2417
2419
2208
4330
2412
4183
2129
2181
4514
4520
4002
4456
2313
11121
2397
2463
4457
2452
3652
2498
2051
2475
2499
2485
2484
2219
3090
2470
3091
4160
4161
2231
171
4106
4200
10
2229
5896
1705
4264
4521
4029
2490
4609
4241
2465
2497
4362
4243
264
2315
2390
2095
4320
81
2421
2071
3089
3307
2479
2283
172
3314
177
126272
3315
126244
126308
2060
2413
2420
4611
4458
5128
1707
3653
2183
2456
4101
465
2117
186
26285
13523
13553
24625
25741
24577
8403
25137
8
16341
698
31325
31324
20521
8333
10381
24653
14431
30813
24881
15565
25789
14541
2082
551
9265
17541
16316
533
8365
16317
14781
12433
15549
14689
595
699
675
32020
26717
16405
9395
10429
14691
32021
8381
9459
27193
16433
16427
26683
26665
27195
27177
26667
8527
27179
11469
10255
24617
24585
21066
21067
14525
16907
26901
24669
24619
15805
17625
26681
10595
30997
9503
8227
11405
16971
16461
696
691
27229
16459
16453
10531
16061
27925
32016
26645
24589
637
560
659
21372
10339
21373
24597
45
21117
8285
6194
631
345
10701
6805
10275
2197
20509
21053
19347
20370
16531
561
14799
8517
20555
8261
661
149
14217
13451
8329
14219
21309
13449
21258
13961
20371
9353
21259
21021
21003
19603
8513
20491
18579
9355
20541
18635
550
16386
8335
7373
6293
2253
12587
141
6349
2189
13457
13963
9425
13521
21005
18563
17557
2097
681
677
683
17059
16514
28853
24757
10319
17
8401
8543
10311
280
562
693
563
8581
9649
16565
8325
13705
18835
12816
21419
137
10162
6192
9367
672
166
678
283
27325
26797
10163
8355
14577
14513
10417
3277
14515
10419
10385
10241
10451
10387
7723
10481
6699
4139
4651
26813
5163
24749
16557
5675
24741
144
28509
9907
26973
6187

--- Conjunto 3 ---
10162
12820
13777
7723
5
23
12821
14577
13489
13809
15709
28853
10818
21482
15711
28509
1
8581
8213
12823
27325
8369
8321
3
10819
16517
8193
8215
8337
43
10307
9361
9393
12309
8725
21
26813
7
9425
11
12311
13745
8199
8209
13808
8197
10335
26797
17653
16170
14689
14579
9395
10273
10593
21483
14433
14369
10529
10241
28951
27193
8727
16395
24581
10769
6
69
19169
40
41
16384
16545
37
39
0
376
36
71
391
374
19171
14797
6448
615
16385
18593
17704
19105
703
16387
183
679
166
678
182
16513
16533
575
18595
35
8
10701
28444
377
10445
16515
2
9
132
28653
16523
16388
13617
24749
8371
26665
4139
14625
10387
24617
10591
10163
10417
21227
8287
9907
8225
8195
8355
8325
20651
131
10385
9567
8323
16389
17067
19240
21066
28397
21067
24577
8207
10419
12822
10481
27821
14687
27885
129
26681
26717
14481
7211
14431
17589
279
375
627
19671
704
696
697
591
33
24605
31438
24604
14513
16525
16971
16397
10257
26831
8259
10369
10333
24719
31439
27343
27997
6187
15453
14114
8339
21001
21017
55
592
13719
17541
672
635
16386
379
19107
16547
16512
27406
27407
26701
13347
4651
16393
6699
14115
26639
15209
8233
10281
16527
20555
10345
24589
10269
14697
11613
15211
26895
14441
24783
10249
8271
9309
8227
14429
7787
8205
16591
4203
27177
6763
10337
24583
8223
18447
12293
16417
14377
10601
24717
24591
8221
16459
16399
2057
133
610
17025
16846
606
625
607
656
24588
27933
16094
17557
8201
16095
10283
12835
9251
10347
8235
14443
15583
10463
12323
11615
5227
8415
10271
8351
13859
15071
20370
16519
20371
16531
18579
4715
24585
16514
458
42
453
455
459
203
197
10
3198
3199
175
3219
3279
178
3190
3135
2063
2195
34
139
16391
1669
179
1668
17559
16390
172
3220
3228
3229
124992
2207
3221
151
2197
3223
3269
2199
17591
3212
3215
2189
2205
138
202
1477
1159
2070
2055
3231
395
2181
135
3079
1671
645
18657
10537
14953
14217
119
17059
674
642
684
675
162
27710
14559
6251
13961
27711
2155
19859
8329
19091
21258
137
21003
20491
21259
26767
143
20747
107
13603
9353
10399
20115
19603
18835
14955
24615
687
653
676
4
29950
19347
5739
29951
27695
14699
26663
26671
16403
13449
17018
264
128
654
655
14799
26652
24327
24326
29887
22791
14891
8203
9375
17003
17555
12425
22535
24735
17467
17466
12587
16424
16907
17451
21511
16427
11999
13795
16419
9379
10255
17019
17419
25759
20487
24767
14685
13539
13475
17411
13731
10253
624
560
643
24
26909
28445
611
19270
25743
4117
12816
20743
16711
19271
18503
14351
551
640
691
693
30590
24607
30591
29823
17443
11357
23815
19015
10319
17409
18759
16455
29759
10243
6193
6449
18561
663
26653
25775
16899
24639
16551
9651
20531
9219
343
19139
620
647
22735
18639
9363
14498
14499
10403
163
18575
16425
19523
67
16549
16451
5675
28719
20515
18499
28703
28735
18435
24751
2096
164
695
10447
31407
26799
10317
29743
2211
27311
16559
10589
30015
24623
18573
17705
639
638
652
669
21607
16435
2091
17057
38
21935
21679
21543
12579
17447
27107
626
571
650
10703
19503
26787
16423
26755
18479
16431
4119
16421
14402
14403
24579
18533
18532
30895
26627
18469
11113
18437
20655
17583
17415
25
16847
586
563
537
24580
587
15
12703
13706
1059
16923
18501
16516
16680
8208
17706
18563
545
609
16647
16955
13361
9245
8327
633
521
582
619
20769
20768
26851
16987
19619
593
16396
31385
31384
24729
30873
17842
17587
16563
26777
17843
12447
24713
8607
17539
16939
19241
17044
17045
20513
8479
9443
589
588
536
13048
12985
8841
13049
17571
27289
12937
345
598
533
134
27932
14784
14785
173
3459
10689
10433
8285
16521
583
550
604
10381
18659
267
12264

--- Conjunto 4 ---

