65768
250000
Quant grupos: 5
Media quant grupos: 553.0
--- Conjunto 0 ---
6410
14422
5409
12971
7854
8198
8838
14274
6411
8363
4099
8106
0
4306
13599
13478
12018
4107
2
4098
3
8194
10
7343
7855
4106
6155
5162
6154
11
12311
8710
12354
13335
5295
12291
13591
8107
8203
4103
8195
4362
8235
8211
5807
5159
12307
7850
13890
7210
13378
7215
14018
13331
1
4650
4138
4178
7722
7338
4114
4129
12299
5674
5153
12843
4097
8826
9374
9238
8274
11858
9366
4363
9218
9246
13343
14475
9298
9842
8258
9810
5166
5128
8794
34
9584
20
8256
18
195
19
9552
16
188
8257
187
7398
5384
3224
307
21
9585
4104
8192
8852
91
351
336
337
339
80
9553
287
17
13966
14222
9297
4
189
8266
13778
12302
6808
9222
13350
13394
13650
14079
7979
9234
13407
14047
12370
14146
8210
13903
12294
8778
9296
8272
8273
313
9835
9291
340
338
352
295
9281
156
14431
4111
5675
12375
13919
12383
13587
4135
4139
9350
8085
14343
5
67
35
8528
9280
10508
296
6859
317
8193
157
13699
12295
5134
4143
33
9282
7851
13391
7723
13776
13383
6694
12355
8331
13443
4647
6695
13315
4614
7
4646
7047
12359
6
4102
8199
6791
6663
4134
4615
8279
8263
1040
305
8423
12
314
318
288
353
328
12290
9537
9999
9227
9867
9355
5135
5167
8207
9329
322
66
321
11319
11287
4131
7214
9223
13951
9487
9620
4919
4119
9231
8259
6919
4887
325
281
291
4632
11795
9239
11943
83
303
290
319
13838
8123
5775
4743
6979
5122
11431
5158
10771
4163
6279
4123
7739
5147
8359
7227
9235
14459
11283
12363
4675
12379
5130
4663
4931
9747
14427
8267
5179
6723
5154
4631
6211
12411
8843
4130
312
70
7399
12814
9659
5806
6293
9219
7342
8871
7867
8723
8215
8529
1048
343
299
347
14915
10279
4751
9243
5263
7195
8231
4110
5126
14411
9351
5678
9328
96
289
5663
579
12867
10891
5151
6731
320
309
13967
10971
10843
9531
8219
12427
11891
11347
8283
8275
9811
11859
8795
8787
7011
4195
9843
9299
5679
2058
5155
4963
4707
6499
15699
10763
6186
4115
5139
4451
9283
5123
5143
263
10827
13651
13395
12371
6151
10251
15443
8715
4120
330
5191
5127
10587
9331
8204
10244
65
311
5222
60
9391
9171
9043
6182
8539
8779
9255
8531
4096
9251
9263
348
5190
4307
7829
4179
9383
28
270
345
259
2451
8523
10247
285
5223
69
132
11852
8268
9292
14479
180
293
15688
8264
64
8340
12303
6995
11271
4947
10407
13384
9376
8260
8224
6739
12360
2323
4691
11303
9216
9248
334
324
72
6744
6853
2067
4142
8327
4696
13640
12431
5294
4184
10379
8770
261
300
133
9092
8708
8196
5121
6408

--- Conjunto 1 ---
0
8272
18
9584
20
1
188
8826
6808
19
8192
21
34
187
2
9585
8193
7398
3224
313
9835
8257
8273
4096
3
9552
351
91
271
7
300
8194
295
195
17
189
14222
5223
8256
9553
6410
2696
6995
5409
14479
11
10891
9376
6411
15688
11347
11891
7854
5384
9092
7011
4106
4103
4098
6744
10
9248
8275
6155
8196
67
4107
4099
4129
8259
83
4362
8195
6154
8264
4163
8203
4110
5153
4963
5135
7855
5679
4363
11859
6739
8707
4195
4179
12291
4696
7703
13384
7343
10508
16
5350
296
9296
6859
329
315
317
5190
156
12512
8708
5167
4097
4691
4160
5143
8715
5126
8224
8
4168
5134
9283
14475
10191
9299
8258
9295
9935
5807
4184
10063
10763
9807
4931
9620
10348
8268
2568
10251
10316
8263
2056
8271
4707
12384
4143
4751
8260
10379
7215
4119
9811
5655
5295
10340
12302
35
5
305
1041
8423
318
323
279
6
258
328
9280
10688
12288
4102
9551
6755
33
8964
5121
8452
4135
12352
4111
9331
5806
8300
10560
4631
9171
9043
8794
307
8852
9281
326
287
140
7399
4
12294
8085
12036
10244
11012
10304
9282
11524
5128
4104
520
8267
2184
6146
331
64
337
4112
9297
141
132
12944
12816
8211
8292
14924
8261
8529
155
324
277
13966
9329
11664
14925
12357
12877
11268
11280
14427
12379
12365
11408
12355
8208
11536
5166
9232
8168
12304
7912
5224
4200
5192
4712
7784
8787
86
1729
5678
8040
7272
8512
5127
12432
316
172
10536
8283
8200
5294
10756
72
12363
8199
12303
8207
12431
8232
10256
6293
8340
10280
12295
1048
310
269
14351
12371
325
69
341
321
6680
11928
9240
11288
8456
5155
266
10916
4947
309
275
4028
8197
10405
1052
10917
14259
12307
13363
5158
7214
4142
9216
13331
14003
8016
5712
13843
5159
4176
10789
80
13875
10277
12299
8357
5200
5968
10373
12290
81
8513
13848
4131
12312
13336
10245
7727
4783
4118
14131
298
294
7176
7191
4239
4271
3996
8229
2076
7726
10308
23
12339
3100
7760
302
265
257
9741
9229
3644
4115
4020
60
344
345
75
8170
15177
8205
4688
9675
2101
9291
9419
12361
9547
2965
9764
9252
12824
2069
9220
3509
3096
308
10409
6853
66
87
1639
1705
1089
223
4021
3349
3253
6151
3765
12876
12356
12364
10281
303
339
7873
7233
7361
7342
5185
4161
8772
8265
8228
8201
14921
14223
8133
12873
2058
4165
7749
14412
4139
16144
16145
12
280
301
5222
9137
8209
14609
7237
5825
12305
9024
7877
9009
5697
10524
4673
10516
8768
12868
65
9025
8448
8212
10260
8465
7400
3097
272
7661
7277
5263
15633
5229
14353
6213
8977
10276
10404
267
1821
1309
13329
7405
8468
7365
1045
289
5701
8721
5197
6408
12696
304
259
13838
6669
12697
13491
12313
4173
10372
10572
12569
4621
10573
10788
1053
8524
5189
9196
9068
8812
29

--- Conjunto 2 ---
6410
1821
5409
4106
3
8016
6411
7854
10916
2
11
6154
10572
5701
9196
6669
14259
4097
7661
12696
0
8196
8192
10244
9068
4362
12313
10
7855
4099
4363
5229
8261
4102
4176
8260
10404
12697
7760
8256
10788
4107
8300
16
13363
4688
1
6155
80
4165
1565
7343
8826
12302
34
9584
20
18
195
19
188
9553
67
187
27
9585
155
7398
1048
3224
8794
91
305
8423
9296
351
317
293
8273
328
8193
9552
17
6
14222
8257
8272
10529
6853
10508
8780
21
5712
12289
8268
4103
1053
4129
5806
4101
5153
4161
5200
12305
10573
10273
4110
5166
5968
12307
5678
4621
12569
8225
1045
10276
5134
35
87
1639
66
1599
1609
1097
71
230
73
65
231
64
103
1127
223
1095
95
1089
7
1595
9297
8209
13875
8194
8449
8228
10316
5126
4020
4613
33
2068
3988
3252
13331
3508
4143
4
8481
8524
3092
5295
7342
4098
9675
5189
10564
5384
5128
307
8852
156
347
287
15605
6808
9291
8259
13397
8269
8197
8516
2100
15477
4109
8267
8258
9620
9764
8525
3348
1044
3380
8195
4609
13557
15445
12441
3124
5294
5167
8517
9036
9252
8772
15573
313
9280
9835
303
284
300
291
295
4112
8045
5807
7789
2196
3476
3220
8085
14340
8556
14341
28
296
6859
343
339
273
8417
12357
8289
7214
9547
7533
5197
14475
9604
9220
9285
9605
4111
12293
7277
9709
9325
9348
3892
5679
9581
5263
13525
8301
9293
5121
9221
13429
4135
9349
3732
9328
276
277
301
5223
8198
3581
3421
69
3764
13381
3165
3197
3453
9419
8266
16144
4205
8208
12304
15888
15376
15632
15120
9024
8512
309
310
278
8528
9101
9476
13840
8205
8973
8325
10524
8212
13328
10516
14352
8340
302
261
189
5
9158
9030
6888
333
279
5351
13182
13150
13584
2058
8262
12630
4713
6904
6744
6873
8717
5135
6889
12354
6745
4104
6905
4169
8468
12358
6777
4096
10741
8277
4696
4168
12816
10613
10581
4680
8533
9
6729
4681
4160
6872
4105
10565
4184
3225
274
267
7910
10325
4185
8774
7726
5222
12886
9329
102
249
2690
1216
1205
1211
1207
1198
2562
1195
1175
1062
232
752
1217
1163
40
1088
5484
4798
2203
1071
4440
756
2434
2062
643
1977
1027
1159
221
219
2563
1212
1028
514
2691
515
247
4252
1191
2288
2128
2161
1232
1225
1229
1031
2063
32
5931
1079
1037
1181
1213
1024
1049
2289
1230
1091
1239
81
1029
1180
1026
2256
1111
1243
2059
1102
1231
2129
1548
1218
1219
2160
1165
1208
1209
1104
2165
1206
2091
1064
1090
2257
2260
2001
2228
1156
5560
1226
1826
1249
1025
1237
1242
1109
1545
1235
2080
1115
85
2053
1114
2948
852
2132
2014
1245
2304
2120
1248
2181
2121
132
1157
1047
1210
1035
1544
1653
1141
86
1657
88
63136
63122
63154
1030
2305
2229
2564
853
1228
2050
1058
93
13142
6761
6776
12312
12870
12288
4201
12568
8170
349
15662
10260
4166
5190
12326
7215
15406
12440
7782
12894
7270
1041
275
4632
8770
8158
266
4182
7390
6216
7774
7344
297
337
16010
13358
8202
4697
5214
7345
4190
4729
13596
8216
8213
13341
13332
13597
13588
13333
4263
13589
5734
5127
12308
12292
10533
7262
8453
13450
12334
12309
7902
8812
13340
5297
15498
4751
4113
5702
8485
8230
348
345
13614
8229
8226
5265
8030
13962
16008
13322
12294
318
280
329
10686
5169
12298
22
10558
4142
3097
315
172
5350
3402
5137
1098
10254
10526
9673
10185
8265
7399
4258
10277
4130
330
74
7108
6725
4164
7109
10654
6724
10629
6980
4676
10510
10501
9801
4256
10245
9289
4677
10270
9317
4167
3686
3146
1126
6293
70
3174
1094
6728
6981
4712
6760
10502
9281
8778
340
338
341
8529
14426
12378
5159
8
4200
4271
5155
140
281
346
4290
4824
8282
4162
6852
9417
6408
10709
68
5081
3096
4683
336
83
141
13662
13398
4177
7288
7256
5208
1638
7257
5209
5192
5120
5225
5193
3861
5240
3349
2069
2325
13406
2581
12374
8278
2837
12370
72
14254
4953
13486
3093

--- Conjunto 3 ---
5081
6410
6888
3861
2
11
7288
6744
6904
7854
14426
5409
10741
7855
14254
0
4290
4106
6411
13662
4184
4160
1
8258
4096
4107
4168
21
5153
4680
4696
6154
4362
10
13406
3
4712
5
6155
6872
4099
4104
4098
5167
13398
8826
8085
7344
7289
4697
5136
5296
7216
7184
5264
5120
14475
13596
4363
8197
12290
5384
34
9584
20
8192
8272
18
19
188
35
195
187
9585
7398
3224
307
9296
8852
9552
351
8193
91
339
83
8256
8266
287
9297
17
4
5350
14222
5222
8257
66
14326
8261
8194
6808
12374
4185
13332
2069
7312
5193
12308
5295
5208
10613
4143
4953
4112
4097
4177
4162
10325
65
5192
4783
4161
8533
9620
10533
14198
12288
4103
5209
5240
13910
7343
13942
64
13340
13358
7240
3605
7215
8794
139
313
9835
352
348
295
16
12302
15719
7256
8262
8485
8198
5128
13415
4129
5184
5166
12359
13671
13998
3093
7726
7057
4169
10500
10508
27
296
6859
8770
336
317
189
9553
8273
13703
13350
6673
2325
8196
3349
13319
7604
4116
5140
8263
10277
5172
12294
5134
7348
5806
7605
13447
7220
12391
5124
4135
4654
4113
7214
3893
4102
8295
2101
13588
3381
5168
12291
4111
9223
6146
8208
7188
5300
12358
12295
4110
8229
8199
1028
305
8512
8423
303
312
328
13966
8047
8778
4100
5141
6417
4625
5173
4117
7221
7791
5231
6161
5807
2613
4207
5135
4175
6929
7535
10185
8259
8265
9289
2357
12292
229
226
227
101
98
1599
87
1609
1639
89
1595
1567
1031
1097
69
8195
834
8779
86
1610
1614
62496
1103
75
1098
1611
1634
1099
8795
1606
1607
1094
1102
738
579
1035
1027
1615
197
1090
67
1539
835
322
9328
5268
7476
7108
59
8529
337
321
342
81
13855
7279
3125
6980
1077
9929
4164
9545
10629
68
10501
10245
13383
71
10373
53
6801
4676
5199
10057
9801
9417
7477
12307
343
326
338
14975
9673
2869
13847
7349
13331
13335
8201
6724
8509
132
327
7399
13326
12163
14943
11395
7445
4101
4687
8501
8777
6212
11267
12367
8733
6293
8212
8453
8725
10755
8213
5999
6897
8209
4689
5127
8709
12879
10243
12383
7342
6769
6737
8705
6865
5126
280
12
13454
9635
12871
2058
6408
10371
8355
9251
7175
275
320
345
346
15295
12303
14911
8721
5678
11907
9507
5159
8704
9379
8227
14879
5121
3096
9280
331
12887
8449
12319
8275
4825
10265
4609
171
9569
310
323
11367
9319
4681
7249
5201
9287
9761
33
8274
8225
2837
14359
10257
9249
14351
14367
9217
12375
1048
82
347
5223
15703
13399
5158
14871
1105
13655
8279
5294
15007
12311
9286
319
334
10803
8217
1045
8528
10967
10839
10771
6289
8723
13553
285
325
5351
9751
13393
8211
13377
9239
8215
2059
8210
7201
12289
9266
15447
13313
9234
5556
9218
10327
8791
8707
293
281
268
7
6351
6853
529
8461
9250
8340
8853
9281
272
304
8323
8477
6680
4622
4163
316
260
291
309
10384
13425
8493
9809
15692
12364
15436
8921
8793
8281
13388
6223
12356
4303
8769
8469
8522
10256
4239
4721
294
6524
6492
4420
8785
13644
6468
172
299
266
7392
1729
5344
5216
4142
8260
302
5190
9329
133
6132

--- Conjunto 4 ---

