48
55
70
28
53
16
19
17
12
14
6
10
19
16
23
27
2
2
2
2
2
2
2
2
2
2
2
2
2
16
23
8
5
15
4
4
22
10
12
14
14
10
10
10
15
11
19
15
9
9
25
19
4
21
8
10
13
12
10
10
10
13
11
13
7
20
21
11
29
25
23
17
26
5
16
8
23
26
17
27
26
18
25
26
23
18
33
8
12
10
10
10
10
15
14
10
10
10
10
10
10
10
10
10
10
10
10
10
19
20
6
6
6
7
8
11
10
10
10
10
10
10
10
10
10
10
10
10
10
10
10
10
10
10
12
6
6
6
6
17
16
20
18
16
19
14
32
23
19
26
33
15
25
9
16
8
22
25
17
27
26
17
25
26
23
18
33
8
12
10
10
10
10
10
10
10
10
10
10
10
10
10
10
10
10
10
15
14
19
20
6
6
6
7
8
11
10
10
10
10
10
10
10
10
10
10
10
10
10
10
10
10
10
10
12
6
6
6
6
13
20
22
17
16
15
31
16
19
22
32
15
27
18
7
2
2
2
2
2
2
2
2
2
2
2
2
16
19
12
23
13
7
7
7
7
7
7
7
7
7
7
7
7
7
7
7
7
7
7
7
7
7
7
7
7
7
13
14
7
7
7
7
7
7
7
7
7
7
7
7
7
7
7
7
7
7
7
7
7
7
7
7
7
7
7
7
7
7
7
7
7
7
7
7
7
7
7
7
7
7
7
7
14
12
7
7
7
7
7
7
7
7
7
7
7
7
7
7
7
7
7
7
7
7
7
7
7
7
7
7
7
7
7
7
7
7
7
7
7
7
7
7
7
7
7
7
7
7
14
7
7
7
7
7
7
7
7
7
7
7
7
7
7
7
7
7
7
7
7
7
7
7
7
7
7
7
7
7
7
7
7
7
7
7
7
7
7
7
7
7
7
7
7
14
13
7
7
7
7
7
7
7
7
7
7
7
7
7
7
7
7
7
7
7
7
7
7
7
7
7
7
7
7
7
7
7
7
7
7
7
7
7
7
7
7
7
7
7
7
14
12
7
7
7
7
7
7
7
7
7
7
7
7
7
7
7
7
7
7
7
7
7
7
7
7
7
7
7
7
7
7
7
7
7
7
7
7
7
7
7
7
7
7
7
7
14
7
7
7
7
7
7
7
7
7
7
7
7
7
7
7
7
7
7
7
7
7
7
7
7
7
7
7
7
7
7
7
7
7
7
7
7
7
7
7
7
7
7
7
7
14
11
18
7
7
7
7
7
7
7
7
7
7
7
7
7
7
7
7
7
7
7
7
7
7
7
7
7
7
7
7
7
7
7
7
7
7
7
7
7
7
7
7
7
7
7
14
10
7
7
7
7
7
7
7
7
7
7
7
7
7
7
7
7
7
7
7
7
7
7
7
7
7
7
7
7
7
7
7
7
7
7
7
7
7
7
7
7
7
7
7
12
14
7
7
7
7
7
7
7
7
7
7
7
7
7
7
7
7
7
7
7
7
7
7
7
7
7
7
7
7
7
7
7
7
7
7
7
7
7
7
7
7
7
7
7
7
14
12
7
7
7
7
7
7
7
7
7
7
7
7
7
7
7
7
7
7
7
7
7
7
7
7
7
7
7
7
7
7
7
7
7
7
7
7
7
7
7
7
7
7
7
7
16
20
7
7
7
7
7
7
7
7
7
7
7
7
7
7
7
7
7
7
7
7
7
7
7
7
7
7
7
7
7
7
7
7
7
7
7
7
7
7
7
7
7
7
7
14
13
7
7
7
7
7
7
7
7
7
7
7
7
7
7
7
7
7
7
7
7
7
7
7
7
7
7
7
7
7
7
7
7
7
7
7
7
7
7
7
7
7
7
7
7
14
12
7
7
7
7
7
7
7
7
7
7
7
7
7
7
7
7
7
7
7
7
7
7
7
7
7
7
7
7
7
7
7
7
7
7
7
7
7
7
7
7
7
7
7
7
14
7
7
7
7
7
7
7
7
7
7
7
7
7
7
7
7
7
7
7
7
7
7
7
7
7
7
7
7
7
7
7
7
7
7
7
7
7
7
7
7
7
7
7
7
14
12
7
7
7
7
7
7
7
7
7
7
7
7
7
7
7
7
7
7
7
7
7
7
7
7
7
7
7
7
7
7
7
7
7
7
7
7
7
7
7
7
7
7
7
7
14
12
7
7
7
7
7
7
7
7
7
7
7
7
7
7
7
7
7
7
7
7
7
7
7
7
7
7
7
7
7
7
7
7
7
7
7
7
7
191
177
117
35
54
37
32
45
42
52
38
57
42
40
38
40
33
41
40
35
42
72
35
51
56
50
45
54
51
41
44
28
44
35
51
28
48
56
49
67
52
38
51
43
38
57
24
46
39
53
43
46
28
61
63
42
47
43
49
38
52
38
73
63
57
62
39
62
43
36
58
59
53
60
70
62
56
42
44
51
52
61
58
62
72
40
52
53
46
65
57
55
55
64
68
66
56
58
46
40
58
68
47
51
70
77
61
50
64
57
58
53
53
43
40
66
36
73
47
76
51
57
63
57
66
47
68
56
65
46
65
36
55
59
58
60
66
56
51
51
61
46
55
64
61
58
61
55
64
54
43
57
57
66
56
60
66
63
51
57
62
57
63
35
52
57
59
54
62
73
52
58
57
49
72
67
59
43
73
67
46
40
67
63
54
53
55
61
68
54
53
51
52
43
37
61
51
32
68
73
61
56
52
64
41
60
78
71
52
63
36
53
36
55
58
52
68
61
57
45
22
56
50
59
66
71
58
62
55
51
63
56
46
38
46
61
50
66
65
45
52
55
71
59
46
46
54
61
45
71
54
57
51
75
68
71
45
34
68
55
46
53
59
64
48
62
63
55
58
56
62
42
67
50
59
63
52
49
63
61
66
51
58
49
55
59
60
57
56
58
65
62
50
63
61
37
52
48
63
59
52
50
67
71
37
71
58
54
53
51
56
61
64
43
67
71
58
58
67
37
49
55
43
66
57
58
48
60
69
63
58
59
52
59
54
53
72
54
52
67
62
56
57
58
56
56
58
50
56
43
83
37
71
54
53
57
42
62
60
55
46
52
66
57
56
47
65
59
52
53
72
63
54
57
72
66
70
55
55
75
55
44
35
40
68
55
65
67
63
56
69
51
66
66
67
53
64
67
45
72
60
64
59
67
55
64
74
64
74
59
67
59
66
63
71
56
67
63
56
59
65
59
53
64
56
65
61
68
66
35
79
54
73
63
61
67
54
71
50
76
57
66
54
71
33
46
58
56
62
73
64
56
56
62
61
58
69
68
57
42
48
55
65
56
66
58
49
48
70
62
47
41
27
51
51
75
41
58
61
55
51
46
54
53
61
69
68
53
60
64
38
67
55
52
73
58
46
64
57
50
67
57
65
44
67
67
39
37
71
57
69
49
60
44
58
60
58
41
62
65
64
44
68
45
55
57
55
49
49
56
60
61
63
45
51
61
62
54
69
68
72
61
45
61
61
56
59
60
61
55
58
43
63
62
38
54
75
57
58
54
71
68
51
68
51
42
61
57
59
42
35
61
57
62
76
75
61
45
61
66
42
57
69
57
61
56
79
70
39
76
65
46
54
68
50
52
62
53
59
63
80
40
62
48
57
37
64
55
56
54
68
61
57
55
43
60
73
54
46
59
68
65
55
57
55
66
43
55
59
65
61
39
41
66
65
65
58
71
65
67
73
52
65
48
75
57
51
73
45
64
61
57
53
72
57
49
59
74
66
54
76
58
77
55
53
51
67
51
69
58
71
39
70
56
62
44
64
56
67
36
56
72
55
58
51
65
41
30
29
29
23
23
32
45
34
27
27
25
53
28
77
58
62
45
69
57
63
48
71
51
71
59
46
70
57
57
49
68
62
57
49
68
54
58
37
59
41
74
56
51
43
74
57
65
60
70
56
59
70
54
59
66
48
64
60
59
63
77
58
63
55
76
58
50
52
71
44
33
60
79
55
58
54
55
77
58
66
59
55
69
50
69
67
35
70
53
63
60
62
58
67
53
63
55
29
49
20
16
40
35
50
67
74
57
61
64
59
74
48
59
66
63
50
66
57
65
67
50
64
50
69
50
63
72
69
62
64
54
65
42
37
61
46
69
59
62
59
69
57
47
51
78
57
53
74
59
39
61
57
75
62
66
58
74
53
80
54
53
50
76
58
67
68
58
72
54
68
54
66
54
53
53
68
64
65
50
70
33
67
61
52
61
54
68
58
71
56
57
62
78
58
53
42
47
39
34
41
32
33
36
39
34
32
33
31
38
33
38
44
37
38
32
43
41
39
31
33
42
34
42
35
55
66
63
69
66
57
61
51
64
62
62
50
71
48
54
70
55
53
73
44
67
57
58
57
69
59
57
63
71
66
55
76
56
66
34
49
59
58
68
63
58
60
79
61
56
63
79
57
46
73
44
70
59
71
56
55
62
71
56
56
52
72
61
64
56
79
34
58
62
39
65
41
58
66
53
62
58
70
59
52
61
72
65
56
52
63
62
63
51
173
163
179
159
44
42
38
40
61
26
29
42
46
40
51
36
49
48
43
41
46
38
41
52
59
59
45
46
40
40
42
45
41
48
42
38
50
49
53
41
50
46
55
43
33
40
40
45
47
43
18
39
46
44
41
48
43
43
23
27
36
48
26
48
45
52
38
48
39
44
45
38
41
40
25
51
45
25
24
45
45
17
44
41
45
46
25
23
47
46
24
29
34
48
23
27
42
39
51
46
40
39
37
20
38
40
40
23
47
46
23
22
44
50
41
32
22
51
45
23
23
48
46
21
34
42
45
30
24
44
40
50
50
29
43
43
40
22
36
45
39
24
49
49
47
47
21
45
47
34
24
47
54
29
30
49
47
25
32
47
41
45
24
26
50
37
45
32
33
30
29
35
30
31
31
44
36
31
47
54
25
31
40
49
22
37
41
44
36
31
41
45
46
51
21
32
39
45
24
42
43
26
26
41
41
23
27
36
56
52
21
18
40
50
26
24
39
47
24
32
39
44
36
33
36
44
33
18
19
23
19
47
54
26
35
41
42
40
43
43
41
50
33
51
41
42
41
35
37
37
49
54
55
52
39
38
45
42
54
35
39
44
42
43
36
46
36
44
34
57
24
29
29
27
26
29
31
30
29
26
27
26
25
37
35
40
30
29
30
29
24
27
27
28
27
28
29
24
27
35
31
36
25
27
23
24
24
28
26
23
30
31
28
46
44
39
32
35
29
30
24
27
20
23
29
28
23
28
27
27
27
38
35
37
27
25
28
27
31
27
24
25
25
30
24
23
27
27
42
45
30
25
23
32
28
23
31
25
27
28
29
38
42
29
40
47
24
24
28
28
27
28
23
24
22
27
28
42
40
25
47
46
26
24
25
26
28
26
27
25
22
26
26
27
26
28
50
42
31
24
25
28
24
25
29
29
24
29
28
22
30
26
53
42
29
26
25
22
28
26
24
24
26
24
28
27
25
29
52
39
26
28
28
27
23
26
28
24
24
24
25
43
37
29
48
40
23
26
28
25
26
25
27
28
26
23
24
29
27
29
54
40
31
43
26
27
25
29
24
23
27
28
27
30
26
27
46
52
29
25
27
26
25
26
26
30
25
25
25
25
22
33
51
48
30
27
26
28
23
28
25
25
27
26
31
26
46
46
45
50
29
25
29
26
28
26
31
30
25
26
26
24
25
27
46
35
30
27
26
28
32
24
28
25
27
25
26
26
27
23
47
42
25
27
25
25
26
24
27
30
28
25
27
33
28
27
44
38
30
24
23
25
46
46
31
30
23
30
28
27
54
49
43
31
38
25
24
25
26
26
28
30
28
25
25
25
34
27
31
29
36
25
24
28
23
26
30
28
24
23
26
28
28
29
26
38
50
31
27
28
28
25
22
31
25
25
27
23
30
27
28
40
43
31
25
23
24
24
28
22
26
25
24
28
46
43
26
47
45
27
23
26
28
27
26
28
25
24
34
26
32
28
29
52
44
28
25
25
24
28
25
20
34
28
41
30
25
26
25
46
47
29
26
26
22
25
22
38
41
85
58
69
57
55
67
65
79
62
64
60
69
66
73
58
68
64
64
70
55
75
80
40
69
75
75
70
62
64
66
69
55
59
74
67
59
66
63
69
65
62
66
65
72
64
64
65
64
65
65
62
57
62
49
86
63
58
67
61
66
61
67
58
64
68
60
63
64
81
36
69
64
56
64
75
61
66
66
62
58
66
72
40
37
67
62
65
65
57
58
62
63
60
63
59
71
66
59
59
71
55
84
64
64
62
70
65
63
60
68
59
64
69
64
62
82
37
67
58
63
63
65
59
64
60
55
62
57
59
63
67
42
77
70
54
54
70
64
58
56
60
61
65
62
46
77
76
64
63
63
57
65
61
60
58
68
55
62
65
62
64
57
52
80
63
62
67
65
63
67
61
58
56
71
62
62
65
76
38
68
39
30
31
32
28
32
29
35
31
31
33
35
70
78
31
66
59
54
65
61
62
60
58
64
64
64
74
36
80
74
68
65
66
65
69
65
60
68
61
68
59
65
60
62
69
47
79
69
71
69
63
61
68
63
59
64
57
64
70
59
77
41
72
64
60
64
58
62
64
66
63
60
64
64
61
67
74
65
62
65
66
68
63
67
62
58
59
59
67
70
46
66
65
78
72
59
65
69
41
66
66
65
61
63
64
68
67
73
37
80
65
64
63
67
58
62
60
60
63
61
60
59
62
68
77
60
60
61
65
58
68
61
63
61
59
63
60
61
74
43
75
37
36
37
41
37
34
45
35
35
39
54
46
38
38
38
37
40
33
40
38
55
48
35
41
43
45
34
53
38
42
41
41
38
34
35
32
30
33
34
33
32
31
36
36
55
56
31
27
28
29
32
30
34
46
37
34
43
48
53
37
33
41
42
36
42
35
48
35
50
36
36
50
36
50
33
39
38
38
29
32
40
34
43
35
41
39
35
35
35
35
50
57
38
37
36
39
33
31
37
43
31
31
49
55
36
35
30
35
37
40
38
33
52
54
32
32
37
52
56
37
35
40
46
41
40
38
37
37
36
39
33
33
39
33
36
55
35
49
39
34
40
36
37
42
42
37
46
43
45
57
35
37
40
40
36
39
40
44
50
49
32
34
36
54
53
39
41
37
42
38
37
48
38
36
43
36
40
42
41
39
42
49
58
35
31
32
35
32
33
40
43
44
37
38
48
53
43
43
41
39
35
39
41
44
52
61
45
37
41
46
55
34
42
36
34
35
35
36
40
46
36
36
38
35
36
37
34
49
56
43
43
46
38
40
38
49
41
39
40
39
56
53
42
34
40
36
42
40
40
47
38
52
41
39
49
39
53
40
32
36
35
37
35
42
41
38
35
38
40
38
36
40
37
60
46
41
40
37
38
44
35
41
34
39
46
58
38
39
42
45
38
41
41
39
41
52
56
39
36
42
52
54
35
40
40
40
37
41
41
39
39
36
45
37
41
45
41
40
38
52
57
34
36
36
38
35
35
41
48
41
51
50
35
34
30
31
33
29
34
35
34
47
54
37
41
47
53
58
37
39
40
42
39
37
38
36
38
38
34
38
37
42
43
36
44
50
57
30
40
37
39
41
39
40
35
44
43
47
37
61
37
43
44
38
41
44
37
55
45
43
39
38
51
53
41
35
39
44
39
42
39
34
43
41
40
38
37
40
35
41
46
36
56
46
47
28
33
32
31
32
41
38
44
38
51
56
38
37
39
37
42
41
46
36
46
50
39
43
44
50
54
36
43
39
44
38
35
37
43
46
43
46
41
41
40
42
42
53
56
41
42
37
41
41
43
45
38
39
39
47
36
47
32
37
40
38
35
39
38
48
53
37
37
42
44
61
42
40
34
42
38
35
44
43
37
39
33
35
37
35
34
38
45
37
47
34
43
39
37
42
32
21
20
15
16
49
45
43
36
40
40
54
56
40
47
39
35
43
46
44
52
50
55
41
39
43
44
54
39
38
45
40
33
36
43
44
42
40
33
44
43
41
41
40
51
60
38
38
42
35
41
32
44
40
38
35
47
33
46
39
37
34
37
37
36
40
51
57
39
39
43
56
60
38
40
38
44
42
38
40
50
37
43
39
36
36
40
39
37
47
53
38
44
37
46
39
40
57
36
68
85
64
75
78
41
44
39
41
39
57
61
41
36
47
44
38
42
42
40
54
54
45
42
40
55
55
40
39
41
35
33
38
37
38
42
38
46
42
45
36
40
40
52
54
38
42
38
36
38
34
43
40
39
36
44
35
55
34
39
43
43
41
38
41
53
53
39
39
43
54
50
38
40
40
42
39
34
33
38
43
37
40
35
40
33
41
35
40
37
47
36
42
42
42
37
38
41
41
42
41
47
38
47
39
36
37
36
36
37
36
53
61
47
40
48
53
63
39
46
41
37
36
34
41
43
40
40
42
35
44
38
37
42
55
57
41
40
37
43
37
41
38
32
29
29
34
48
65
39
38
43
40
34
37
34
47
36
60
43
40
42
37
51
35
42
42
39
40
43
40
43
39
39
39
40
43
40
38
40
57
55
36
35
35
34
36
36
41
37
46
35
46
44
65
38
36
47
59
37
37
44
44
40
42
42
52
36
51
37
38
53
39
41
45
45
43
39
41
40
44
40
34
39
37
34
43
39
41
47
36
48
36
33
36
38
36
34
41
36
35
39
51
57
38
42
42
39
39
38
41
43
38
48
39
45
50
41
53
35
35
41
32
37
40
40
39
38
36
41
35
33
38
34
33
48
52
41
42
33
41
40
37
43
35
33
36
45
40
49
39
39
41
36
41
36
37
52
45
39
35
43
54
50
40
32
39
38
39
34
42
37
39
37
38
38
34
38
42
37
46
37
55
40
36
42
38
39
34
35
38
36
32
53
50
46
44
43
45
41
40
37
40
52
51
37
36
42
50
54
37
39
40
42
41
43
44
36
38
41
40
39
36
36
36
39
52
40
56
37
43
44
43
43
40
32
31
35
39
56
56
41
37
49
40
34
36
40
37
49
59
0
