4096
250000
Quant grupos: 5
Media quant grupos: 1379.0
--- Conjunto 0 ---
127343
1067
193171
1055
228383
31855
159791
1173
208029
29845
130277
1187
27607
24184
1141
31856
1024
225690
199515
29863
1182
1218
31862
185326
1102
223390
258470
28687
25077
1101
1198
28692
1044
29716
25772
1212
162156
1193
81193
1100
149884
29791
158060
1105
26377
1106
183234
23670
1094
186146
29782
1180
1184
24712
29884
175729
28719
1181
199301
1174
31918
124566
180717
1213
29879
1207
77607
28703
211999
28735
22983
147631
1199
239366
223182
1191
29847
240288
35848
31143
123143
258879
31185
115041
94509
152641
35898
199250
204264
129500
225624
209424
111709
35816
133392
23717
29871
171757
1048
29727
64984
29724
29695
24190
23148
28780
1130
136394
225694
166714
22919
1210
25426
101893
41453
41963
165667
62447
41260
24220
211883
62207
228271
240755
132155
1056
1054
228966
1070
29742
29743
1026
1030
21506
23702
31978
29758
29740
24195
61743
31980
143524
61740
23071
226847
239374
31
47
131359
24216
15
17535
24152
147404
189544
25064
243712
195200
31868
131151
204271
193744
204270
147400
25000
160816
64990
240300
64991
64988
243727
103480
133406
22920
240303
204268
24192
131215
218016
24156
131119
23080
24076
31860
197935
67128
23760
23775
120752
202223
209436
202344
22968
31869
226321
115045
55513
222713
31857
24785
81197
205257
27573
55517
115053
23793
24217
25359
23193
51423
205263
93537
1129
238793
59517
222511
180097
303
115055
1133
25041
173641
260889
24769
24617
147121
226333
25705
245289
173695
25433
226325
22981
147133
119009
23713
251626
171458
131087
197594
31858
186159
1138
153386
31870
251631
134666
177586
249970
1071
257487
166718
251630
23087
31982
17647
23058
25354
197598
23098
196623
24154
214767
199254
203010
26063
186158
196895
23642
23634
24066
148783
24218
23666
238434
90222
106218
218863
88274
25658
23786
25322
94318
25274
186150
249470
26058
132159
173259
211887
31979
57695
219819
199519
25395
57691
24219
25683
227131
31983
77891
1263
27563
173263
193175
220083
200591
200579
165679
197775
131231
180895
132143
77895
121371
183419
77903
351
25051
24691
250683
227135
238719
131199
90771
165671
158063
88476
102316
102268
85471
85468
179188
191119
183604
131247
26348
23708
23628
226828
22940
24236
199333
236157
1119
142293
234253
23645
130285
199029
201487
233525
66799
147503
65229
142301
224517
107613
171781
230015
91701
147823
24189
182053
236159
233533
205983
25109
180719
25701
25142
25342
25327
112670
27310
112671
260686
258478
164494
113030
196911
185327
239750
124574
197903
252862
131439
22982
1150
249398
1022
26326
206094
83103
242654
30326
147535
132111
22998
113038
176894
65567
176895
24966
30334
1023
103199
24911
239943
184199
21839
121383
195791
77615
29807
1135
109951
25439
246191
66863
24143
22959
65823
25311
27615
25295
123151
25455
140055
89711
140327
23039
129151
162591
26296
200079
151784
147407
66623
1152
31871
200992
24576
133396
197999
170824
22927
72064
210112
161960
195215
22159
1151
199720
226936
64989
67132
1136
79
93488
25087
25404
23679
23040
1503
137888
202348
132719
31861
24681
216113
27569
152653
24897
216117
55519
65903
193513
23557
175743
152645
192497
131135
25497
23761
82287
1137
47929
222717
25729
132223
237545
81199
205135
105
26381
23725
27775
125842
24738
199262
202806
94306
24562
19582
25566
72162
24802
127
196639
182735
25887
136399
202802
183238
23790
183246
139027
22995
131411
205743
25091
24539
196959
25163
25839
132175
3259
136699
24883
205231
200583
3263
209839
196655
193183
199007
209327
196703
149871
168572
50543
24524
25220
143532
139148
127724
158062
131183
191116
31981
149887
24988
191172
149116
55300
246180
621
111485
197791
23647
228957
206389
31957
147759
224525
24005
208031
216821
193949
237869
109197
107933
23173
216869
66063
142303
196767
65695
93182
108575
187662
131663
18895
124575
25478
24958
17631
239375
23007
204006
25222
24398
25702
25046
108574
24782
196943
209951
109943
64703
65583
25711
152143
25383
177447
17519
184207
181455
4108
4259
54
24052
24063
239382
49
24060
1125
17909
18
111
101
106
197894
63
28087
28095
4263
28080
28084
28091
17855
131103
28092
28093
151656
999939
26047
28081
17727
197638
0
100
125
894
110
131078
1122
1126
238854
2
1134
206086
41087
41983
239390
41279
151788
4096
1087
1060
8495
17585
1086
147496
1072
206095
1084
1085
17573
1076
1039
1027
41263
206102
41967
1068
1037
109
98
1031
239391
4097
1120
17503
1124
28085
17599
17471
24015
19903
21967
26045
26393
17689
17861
26399
206607
1127
206598
108
17791
206103
131074
206111
132367
737795
26043
17759
122
131090
1036
1132
17417
28094
21957
69
26383
46
1118
1110
1103
24191
1028
1061
1069
1057
1131
41
23721
17577
196614
1116
1040
1214
1205
1201
124
205830
197650
1215
287
1175
197634
1121
23992
31197
35983
35969
35981
150140
35973
33935
225631
74207
136550
59688
147567
1148
197890
34
1095
1099
25352
1097
95
97641
153390
1117
132394
140310
1093
25773
24743
25209
25430
1088
1092
24751
190435
131112
86435
181347
82339
35
86439
190439
86447
190447
157155
157679
82223
82351
189923
65839
131107
148591
65571
148975
157167
132131
148707
148719
156783
140387
65827
148579
82211
189935
190179
132207
190443
161349
111411
8
16392
1109
116
22935
239367
132098
1098
22917
24889
132127
206622
111423
22947
1074
50
23791
197663
16803
205839
51
419
1083
1025
1029
22975
131330
25410
16706
25531
25485
3
25450
24938
25615
24755
25625
25642
25596
16647
25684
25680
1104
25330
25007
25411
24906
206623
25445
25458
16775
25035
25414
25348
25578
25160
17580
1082
66
78655
29
25629
25694
32248
161365
16446
25582
161357
1108
319
22143
23006
18774
20822
16726
22879
23802
16735
25977
25983
25981
26055
25973
197906
17711
25974
26079
26062
25982
23070
543
131091
25978
132359
1343
135661
135649
1407
17743
23002
26056
132358
1046
22992
135665
1052
117
22993
135521
131334
131105
531
25975
131375
1049
1053
1050
91025
245049
26075
135653
132165
165768
161359
90783
135535
17
17790
24158
135663
19
24206
25879
18911
24223
17695
14
25880
24120
25844
17663
25852
25855
17976
24205
25946
25950
151807
26011
26015
26014
4111
24124
22079
24121
26004
17823
26012
24209
26013
56
22980
68
16710
18902
17807
25986
17423
25992
25989
25999
25991
25997
147695
25988
25996
22955
25987
17551
24125
4271
30
238870
33
57
22991
197647
25990
17821
24197
324
315
17983
102
17567
131094
43
17439
23553
1
17425
126
238879
132102
42
17409
24127
118
21505
1311
25743
1078
1128
1066
21742
197919
25918
24116
24213
25919
17679
21
4
25998
22997
140294
22073
23581
22068
196870
1588
23565
25907
18053
22175
24118
25911
24117
24201
22157
26112
25908
25916
25917
18057
22069
24021
24013
382
24198
200232
228968
208424
96296
30736
200200
228904
207145
227705
227625
223529
211241
206106
207112
30833
227689
207144
236970
261546
261626
30834
30832
236938
245162
227362
1183
261610
246315
246283
260651
246282
260715
254507
254571
227443
256555
17820
31275
26397
131500
162236
162220
162284
145836
131468
25995
25871
135596
141740
17733
30721
206189
228717
206156
206157
226669
212333
31841
136302
162926
136270
144494
31840
162928
146542
1359
162930
228975
228475
228974
17871
228991
228942
228971
228876
25
132375
1149
24222
1589
18069
17974
22149
197910
206614
25865
281
16811
17673
9
22
25881
131075
23004
1327
17863
1034
16854
6
17775
196610
16927
23806
16
16750
24943
17488
25453
25055
16671
25422
65855
25718
279
257233
140559
198191
147744
147756
131391
200587
200239
22941
16773
24893
22963
24544
25651
25320
24547
24437
24998
25362
25368
25663
25343
25775
25764
17572
25266
25780
21712
24556
25372
23772
86
22870
338
24115
206099
16914
23062
238862
17455
22994
26071
132118
132374
238863
132383
65554
16720
131361
22147
25854
342
20
22988
132354
24062
17919
638
17749
62
16453
25791
1349
16447
5
206082
16724
18079
16815
197654
16708
18892
17981
1295
22989
340
17806
18859
17541
24221
17977
575
206087
1593
24200
12
24204
1672
26007
17433
131095
52528
64880
52496
32112
30752
60720
32048
64816
34161
64881
48497
23977
44401
46449
32113
1147
193074
195122
59
195186
260659
260723
260626
154
1123
18061
17973
52
1059
16953
16441
17805
20923
274
1038
18884
1073
11
623
18962
1391
17487
17735
18910
16488
23764
123
32
19664
24447
1065
17616
17583
1140
22511
24559
58
153402
153406
25038
25026
25286
222417
16719
134768
52532
134782
52542
132735
134783
131104
52543
304
134780
17712
132208
134772
52540
50480
132720
288
52541
16688
131168
132192
131184
16672
131632
16703
132671
22496
252777
1111
4143
124469
510
25243
24882
24965
132399
197727
16791
131343
171828
107
1139
16399
25052
16799
16655
24974
139125
200253
200236
20879
277
22925
131115
140303
213865
25600
25612
206110
25616
383
257245
16783
230710
232758
132415
200237
200255
131126
200252
197695
198207
232766
171836
169780
131124
197679
196671
132404
131108
232767
171839
200238
169279
200254
135231
197942
136500
197951
199990
169791
131382
136511
169268
132406
171838
196902
131378
171837
40
18831
25225
252781
239383
190455
190463
148991
189951
132151
148727
199999
148735
131362
189943
140531
148983
148599
131106
132147
213359
140566
252797
18975
148779
124479
25377
25287
25063
25385
16689
22943
132154
152874
132191
257235
252783
194616
194620
194623
174143
197183
131128
188472
271
157687
157695
148607
157175
194621
132535
140351
24061
1365
99
103
4262
30775
1077
30783
18495
30571
10295
24159
23770
30781
30769
31051
31052
55
30773
29537
29541
22111
29549
29540
29565
148863
190527
132211
180280
188479
157183
252793
7
205855
25734
17414
25523
17550
147512
255609
255613
255615
222841
197753
178239
139327
222847
131193
155704
222831
198271
214137
165951
132201
194622
133183
214649
132217
30896
25487
151800
257247
257237
131331
213498
213502
196927
213503
196650
147775
213370
213290
213306
213375
214655
198265
196906
213034
213311
197759
25262
25647
25498
25279
18839
174971
174975
141691
139643
213354
131195
131455
16665
172415
131179
172411
131131
196626
16782
124477
131177
25649
25023
25050
25661
196630
241148
142203
241151
206204
140155
206207
139647
206335
206332
172923
131187
131435
198012
132479
141695
174463
131113
217961
25269
24714
24553
176253
196652
131372
176255
198015
241150
143487
205164
135295
143485
131117
131169
241149
24979
25204
24991
126654
66751
126655
131181
93887
124607
135277
83646
83647
91838
186
206599
197487
25112
16920
25588
25005
25116
48
149503
65594
148539
148543
148531
83634
91839
308
16393
65598
16431
148523
65726
74943
83122
148603
83135
132370
25542
24746
184832
184844
131584
148527
131599
184836
135695
184847
184846
184845
149499
153387
25435
24923
24253
25361
16731
148794
204545
204557
204549
204559
152079
196865
202497
131073
201985
131072
168463
168448
198401
201999
202511
147968
152064
16661
25338
25703
222419
188674
188686
197889
188678
147714
139535
202509
188687
155919
180495
139522
1145
32184
25345
25315
25620
252799
136506
511
189123
189135
22015
589827
24029
206098
180943
148175
131779
189127
148163
131791
180931
131651
131139
20871
215935
152875
213871
263
25156
25278
25332
153407
156868
148559
156879
156876
156877
132164
148548
148687
131076
132100
164559
132292
22933
25599
25595
25294
231813
231821
131077
231823
197007
131333
156878
199055
148676
199045
131461
132096
25424
24970
250246
196997
213391
250254
246150
131471
250255
24031
341
196998
196879
196869
213382
53
19909
217478
246159
16654
24944
16752
24860
25237
152879
18823
120711
116623
120719
131462
66695
83087
83847
83855
87943
83335
87431
1159
66567
83343
83079
1167
131176
24814
16623
24830
98504
65743
98508
87951
98511
65615
98510
66951
65736
246633
25556
25559
24761
16476
17247
225161
214153
222607
225165
131081
222601
223113
65551
65608
225167
196617
214415
222351
65544
214159
131153
131433
24909
25429
17010
186570
186575
184522
10
186574
197891
131146
131082
149706
131274
224655
182479
182474
147663
180431
166095
198031
147560
25003
24930
25357
25019
250751
132138
153391
214225
24875
130891
83279
130895
124751
75
164047
65871
65867
131279
96075
128847
91979
147658
91983
128843
66895
180426
91711
215919
25099
24516
25329
25103
25119
214239
132114
147212
331
131084
147213
91471
145167
94027
132364
147215
144652
145164
83275
65611
83791
131080
136460
146700
131340
20895
25308
25300
25536
181581
181583
148813
141071
144655
140556
132429
132431
135439
148815
131405
25476
24666
17851
16463
23
130766
93903
124623
66638
124622
30944
130767
83663
83662
67278
126670
67279
197167
74
126671
13
66639
207
16789
149077
24760
151791
639
1146
30591
30593
30605
30575
30597
30607
30570
30621
30623
1387
30063
22383
23917
21903
21647
1439
1423
23919
30574
21919
17773
29839
30095
22415
22431
21869
22429
18319
1033
21871
1951
30601
5263
5503
1305
13695
1389
301
18185
18303
5279
30109
18335
1289
5487
9241
9359
23929
29039
17999
21359
29551
1471
197713
16454
201039
131407
66767
116431
91854
66766
91855
83151
131403
128719
16645
24878
25418
25567
222431
225744
225759
225748
213471
196880
225756
221520
221663
213343
196944
131088
221535
205136
67
213328
196939
25670
25085
25678
25686
244689
238545
244703
244701
221648
131423
197457
205777
244693
196689
225758
196945
213456
196817
240465
131167
197599
242641
225757
132139
270
24053
206606
238878
25369
25617
25284
283
25375
25373
193362
131410
193374
185183
131409
193366
168274
131922
193375
230239
131089
131154
168799
198206
238559
205279
164178
168287
24637
25021
24719
24639
17526
68307
65539
68319
168786
185170
68311
66079
65631
68191
136031
131935
176978
25428
25194
25431
196735
196991
152890
203412
199316
199327
131220
131092
197279
203422
203420
203423
66271
197268
131732
65555
66131
201375
206594
25504
24992
25496
25516
216341
214303
214293
132373
216351
216349
148757
148767
23960
65589
24840
264
25534
24844
24847
103062
103070
103071
70294
70303
671
98975
65686
159
66207
662
1064
24880
25688
24767
16663
87767
87775
83679
66198
66591
83159
83039
1043
83671
83007
25062
25197
25623
25078
25070
136495
148798
21023
140952
140956
67167
140440
140959
140957
83167
132248
140958
132120
83551
1107
83027
132767
132255
16831
25011
24956
25206
152895
151
132121
132125
132105
17908
18837
25488
16400
25750
25492
16528
206035
213530
213534
213535
197146
196634
139135
131109
139133
132469
136575
137087
197151
136565
137077
213023
132177
25173
25198
163483
131083
131173
163487
132213
153247
161439
132251
131099
132123
149151
161435
149147
198190
140447
148635
157339
136319
131227
148639
91007
25166
25271
25339
25182
158620
25350
24869
25131
25358
24007
18207
206615
190045
197481
82997
25716
24796
140319
196985
252510
24942
25557
24825
131350
120415
25451
25454
207149
131679
158108
158623
252511
147615
205103
200607
207165
207151
132763
66655
198543
207167
158111
131096
248414
205119
196627
148063
131100
215647
200595
132189
157343
198559
132701
190047
205101
149087
198047
157277
147868
159391
131678
87647
148062
83
131674
197214
150428
150431
147871
131165
197215
215646
198547
149916
131162
197651
66651

--- Conjunto 1 ---
200232
120415
200236
47
158620
200579
207145
207149
190045
163483
252510
63
205103
207151
200255
15
200253
252511
197695
158623
131119
198191
200591
157277
54
621
239366
151788
24052
24063
239374
24060
31
131074
24061
1022
17535
1071
1125
1149
1024
101
106
109
127
132367
28087
24005
17855
28080
28092
28094
24015
28095
28091
28084
26047
24013
999939
206086
28081
239382
21
1070
1087
100
1039
111
58
1135
1037
98
1027
1031
4097
26377
1120
1124
24029
1151
17599
17695
5
28085
17861
28093
17487
17471
17727
19903
17743
1093
26381
17679
1133
1148
1055
206598
1126
1122
23071
1134
62
196671
196911
190047
200239
2
131135
198207
131167
200237
200595
196655
207165
131103
131375
149087
163487
197779
200252
197679
200607
200583
198543
197791
1119
132703
149151
87647
207167
19
198547
196623
132701
1115
33
3
46
19967
125
206607
239375
206111
79
17887
206095
132098
238854
34
1086
1023
131090
196626
26399
511
17673
1359
21967
26393
26383
17871
131087
206102
196767
132143
83551
131154
0
131678
131137
196627
248415
198047
83
23992
131073
67
153247
1631
197183
198031
149085
198303
161435
131100
157339
198559
319
67167
158621
83547
248414
131674
197775
151784
252777
131330
1132
1137
1118
1094
238879
1095
1150
1103
1036
22919
1088
1130
1098
22935
1102
22917
1092
1100
16773
1111
1129
153386
110
161349
24966
239391
108
239390
197903
124469
1099
124
1101
197894
25772
1109
25363
1136
25019
25221
25375
132383
1145
1117
25718
131193
1116
1076
238863
132118
7
1084
16671
16655
153390
257233
50
153406
206623
1141
1121
192288
131679
147871
196751
205119
95
148768
192300
131091
131360
196927
181536
157279
200238
197651
132191
147868
132767
197007
75
196639
215647
213599
192303
192292
11
99
239367
239383
121
105
126
103
49
1131
24159
24143
510
1073
1033
1085
1077
23609
17689
1025
1029
895
9
17999
23613
25865
29537
29549
29540
1067
21359
29567
25881
206087
200254
197215
131145
131150
197647
147615
156960
1
213598
131104
189728
197663
158108
131391
197167
131162
147612
131228
191776
219742
132189
215646
149916
148783
17791
17
382
1343
117
21957
16709
147744
156060
148062
131153
192301
134768
135331
255972
136550
186279
132720
93537
219921
134780
179600
177758
177754
132208
179615
134783
48
131120
214116
179612
32
134781
255980
134782
132735
134772
255983
131184
132223
132207
132144
131089
219935
177759
219933
131359
132192
197743
215839
144799
179614
132127
303
179604
222703
132511
219925
131108
214255
131168
255460
144784
223204
214500
131172
222692
197732
139567
255982
205117
255981
65583
198959
213279
132175
196611
196895
197988
139583
213791
198019
65855
169567
131199
140703
198531
17919
122
1471
197919
18
1047
17733
25
132358
197895
173471
197635
214511
36
223215
196739
198035
65553
177567
132128
177552
165279
132496
205924
147487
184703
193396
193407
131183
204847
131444
132719
131188
135540
24031
197890
25887
26043
574
42
185204
197763
193404
193405
168820
131696
131455
131956
136287
164223
134256
165264
147729
22015
238870
69
1349
25871
17423
26397
132355
24062
116
107
17477
17433
173456
131428
131075
197407
213265
196625
65839
185215
131967
135551
213777
139311
1045
21983
325
543
136063
194068
194076
132116
196881
131345
132628
165396
131151
194079
4
185887
131092
205101
194078
197393
20
153108
131350
132114
1295
23960
132159
189972
169492
131088
132704
179613
194077
136799
132639
43
1028
894
4262
30775
29541
132354
169375
24021
24007
217873
215313
185876
239796
239804
239807
204991
204980
197638
239805
196788
21973
21959
26045
383
131124
144991
131263
131344
131252
196799
200079
17455
1049
206103
207028
239806
207039
205855
132111
131334
131079
213460
213471
213468
213343
207113
213470
213332
196628
16469
197634
1311
206098
131076
239378
140290
21839
197906
638
131343
1285
132102
32184
16
136607
144479
222516
222524
1060
222527
214335
197951
132388
214324
59
17877
16575
102
737795
197940
206614
30783
22095
1146
18015
30769
16447
30773
1026
30781
31051
31052
1068
26679
30571
17515
26685
27
29551
1305
1056
206143
215825
132415
197924
131871
254
215327
200587
222525
138836
136798
17503
17749
131487
138844
132180
198975
136788
138846

--- Conjunto 2 ---
219921
207145
134768
179600
200579
207149
207151
47
207167
177758
205103
132128
138836
15
1
207165
132735
198531
131104
219935
134772
219933
134780
131391
177754
132208
131120
131119
63
136276
136287
138844
217887
205119
132223
132720
219925
196911
136799
131375
179615
215825
138847
131184
134783
197779
48
32
132127
31
131135
200591
132192
134782
138846
17
196611
213791
196927
132207
213279
131168
132692
0
131087
132180
200583
197775
136788
179612
23992
32184
131696
196655
131089
198019
131167
197407
132703
198031
54
621
239366
239382
24052
24060
17919
132103
62
1022
22015
24062
1125
131074
101
151784
106
28087
24005
28080
28092
239374
17733
28095
28091
26047
28084
4097
999939
17471
239375
239390
28081
17855
206086
206598
24021
16447
1086
1070
1087
1024
100
1071
1023
111
122
127
110
1027
1039
26377
1031
1120
1135
1132
1119
26381
17727
26393
28093
24015
28085
51
1471
26383
1151
1122
206082
23071
1126
1134
135331
131075
131103
131199
132159
206095
24063
17791
1133
1149
109
131090
2
79
18
17887
196886
197894
108
107
206111
131094
98
26397
1055
1124
85
1148
894
19903
28094
21839
24013
21957
9
382
131078
131156
132191
131076
213777
196639
200595
197763
177759
177552
179604
198547
196895
197635
132144
204847
197393
131359
131140
303
213265
140703
23960
196671
213023
179614
140688
196625
131072
319
131091
19
197647
131092
131345
24053
17743
132111
1093
239367
206607
132102
24029
239391
125
17679
17871
21967
1215
17861
26399
46
131183
196623
134781
177567
169567
131487
175476
175487
140660
175484
132479
198035
132143
197651
173471
65839
131444
215839
215313
142708
134256
131455
238854
3
197903
510
21973
383
21959
17599
69
1103
325
25881
16393
206614
131088
198543
196755
32248
131188
65583
205101
198975
215327
173439
173428
131124
175485
36
132511
173456
140671
144799
131439
1407
16699
131330
17877
17487
17673
1343
19919
17695
17689
1033
206102
132468
200587
200079
99
103
239383
121
126
105
1131
1129
1130
1150
22095
1137
22919
117
34
1073
1077
1085
24143
23734
17999
1025
1029
17423
91
1037
29537
29540
1067
29549
21359
29565
29551
196751
131151
172948
163999
172956
655363
197890
24031
1028
25871
25865
16665
543
17535
197895
1141
17749
21981
124
196881
131220
172959
164255
172191
32056
172436
172447
172180
131073
165471
24061
58
830
131231
132368
172957
196627
131476
139567
132354
238870
1036
5
25631
25
132098
169055
163988
139412
207113
109748
74932
109756
66740
205117
76980
131344
109759
107700
109757
66751
65727
109758
65588
65855
102
38
205846
191
217873
132496
65716
198959
17908
206623
17503
65
206087
53
50
25659
238863
238879
21983
17759
197906
74943
73908
132112
132383
65599
175508
140436
175516
175517
173460
175519
197650
131350
17417
327
281
1305
132500
175518
4
206615
33
23742
75
17439
22935
21023
1072
1076
1136
1084
95
147743
140692
132255
132367
1109
198287
196739
255972
252862
1094
1110
1095
22927
1116
1088
1092
1100
1098
1102
22917
153386
252863
161349
24889
132677
1099
111423
111411
78655
25625
1101
25680
25352
25629
25718
132359
153402
257233
152895
197910
17433
1121
236970
255980
236990
236974
236991
236975
198063
185822
206147
234943
2690
120860
133967
131163
235611
133526
196125
136550
182665
132543
209950
169226
120031
157195
140192
140205
198079
235615
131212
174988
167521
132399
82637
197695
186466
151788
85262
85263
57315
55279
198863
192356
179408
195237
173905
114918
187666
187670
132527
234927
202159
132362
140204
167533
82186
57319
192364
133535
182669
186478
157199
196703
132415
55267
132176
114926
230831
214116
131503
202175
140207
132705
192367
132304
140625
132287
82639
57327
231519
197951
234942
206159
169231
81935
195247
131169
11
181534
232879
131519
2702
2703
133451
165327
133534
131101
182671
132447
196815
28
132431
148847
131109
173917
132175
132271
81948
173909
206083
25887
206151
230847
131759
10
234926
82150
131172
179412
223215
197663
191855
131176
240051
201759
230846
204223
131170
140196
131084
131105
132363
181789
169230
132107
164517
116767
131097
209951
131337
165343
197935
132575
175004
186470
240063
148754
255983
131263
139296
132526
82511
147567
130613
132099
131247
136458
83215
200607
189807
133963
173840
173844
200067
173855
173852
255460
173343
87263
140575
240055
149003
102584
132126
204207
120863
141087
186479
130621
164895
66613
40
132319
132370
131108
173328
140560
167535
79675
238015
196626
24007
1349
1359
737795
6
214511
132122
230830
141072
196870
197638
1295
173854
102588
173264
16
132433
140860
175007
131379
187678
132156
65564
147849
1051
182383
75071
155647
179420
131106
255422
140304
165713
255981
131083
124479
165717
165725
131153
173279
83519
165727
255982
131081
116764
222467
79298
198078
153599
130623
165201
197732
222479
165215
132177
65802
177375
131123
131343
197891
179423
196678
81997
69816
131077
230853
83996
131107
223204
131142
222654
8
125576
83210
179399
131122
184
197711
198062
78930
66642
78942
197679
66655
78934
179407
78943
196127
147855
1090
198303
125583
175005
136559
51787
82575
47434
49
766
42
131112
230863
51791
125580
82063
197791
70798
1106
136558
223629
45386
74847
74834
66626
197668
155135
70815
16971
131338
141471
255423
168081
16975
196432
79679
102591
198085
223631
79310
107539
66591
132432
1043
107543
74771
132140
168095
107551
74783
196877
79311
66895
132414
92815
169043
148991
66579
165063
66719
19019
131082
169047
33103
131139
196445
173255
196436
70814
82568
197946
165279
131222
161814
47438
168093
131390
221581
131131
132161
91711
140863
4263
35
197977
218457
330
164564
164572
164575
131807
214367
164574
131679
131668
196686
214287
197743
64732
161822
196444
335
230861
207283
135327
207295
214463
136275
164436
65720
131796
66882
197955
92
132421
218461
197055
133151
141282
190421
148703
190429
190431
189919
64735
132181
149461
197967
148949
185680
132303
140383
131157
189663
74
222692
148575
148831
48356
75086
196447
62687
148565
189909
232878
206599
1047
132117
45391
140399
168085
148693

--- Conjunto 3 ---
236970
79298
190421
198079
200579
236974
196611
141282
131135
255422
15
198063
134768
236991
255972
236990
219921
179600
131119
206147
132143
63
179612
134783
236975
131104
47
234927
132527
134772
131120
177754
132399
140860
132720
168081
64732
70798
230847
218457
132543
51787
234943
161814
125576
132179
169043
131391
190429
196678
196432
222467
222479
223629
31
155647
47434
79675
179399
198559
151784
185822
212775
132191
230853
230831
44260
48356
140399
200595
196627
134780
200591
131503
132208
202175
168093
218461
132181
65679
190431
169055
234942
131087
212783
79311
255980
198078
132415
196639
131093
3
148565
48
206159
140863
131184
131073
131075
197935
185823
255983
219935
188652
197763
131103
188648
132223
131375
189919
148949
196686
194399
148821
210735
141294
179604
134782
177758
125580
23992
211307
200607
1252
202159
79302
133963
152726
19
131091
196739
132735
198019
131168
132246
152734
148607
148630
177351
152735
132127
197635
222654
131112
147478
211311
198543
222703
161822
198031
196623
234926
132287
131304
64735
132159
1039
196903
148639
0
2
132255
1311
132114
125583
131074
153595
32
132242
66895
200067
219933
197732
188655
121966
131439
230861
136558
213997
204223
132192
198531
52444
1289
223631
117871
230863
200587
132118
140782
198547
196687
214500
148638
47439
79310
141286
131199
131094
179407
60639
132111
51791
185586
18
196927
198287
151791
136550
30449
30453
32184
151788
131519
198085
197951
121967
132207
1030
140783
135331
193396
132144
54
621
239366
24052
22015
49
1022
126
1125
1024
101
106
109
28087
24005
28080
1087
17471
239374
239375
28092
28095
26047
28084
17855
4263
28091
206111
99
111
127
206086
206607
105
98
197663
197902
103
1023
1135
1149
1131
1130
1129
1071
1151
1150
95
24143
1133
100
1137
23071
34
46
125
1122
1126
140294
1134
239367
999939
239390
24021
1343
28081
17727
239382
1070
1086
197894
108
206095
24013
206614
1027
1031
4097
26377
1120
1124
1085
1073
1077
17673
50
30571
26381
26383
1025
1037
25881
22095
30775
17423
29537
25
79
29540
1067
29549
29551
26397
16751
21359
367
1148
26399
28093
21967
24015
28085
19903
25871
62
30463
151790
193404
623
197903
24060
24063
24061
17919
22004
206102
17877
197906
28094
238854
239391
17759
1036
206082
1055
26393
17599
5
1
383
131089
131151
196444
47438
205163
33
132511
213279
188653
132098
185599
210727
18161
131188
132128
131247
198807
99447
198815
162870
1263
168831
93537
196759
132295
198035
16971
196436
185598
131139
168085
196767
66687
131107
48367
193405
216185
192120
192124
219925
157727
35
230830
132391
131095
193407
177567
179615
131217
28
214143
46319
197679
131263
200583
131183
214137
185590
197779
216189
169047
131152
131079
147567
189180
131078
196631
198062
96635
192127
30461
141295
131311
99455
162878
70815
218463
96639
213097
149535
221583
208127
132202
247678
140514
133967
228056
168095
196696
228060
213720
24
219871
62684
196447
223960
228063
115822
204207
185215
189181
141343
131136
131172
207583
131160
52738
1247
131196
23960
220865
220877
131080
213727
230846
196703
189183
4259
197634
197910
197919
24029
1132
1093
25865
17861
1103
196866
197647
221912
196895
223967
210223
156726
52751
232879
247679
228062
65919
48364
232878
131096
162879
36
213791
130116
213592
148585
131167
214751
197791
197336
131327
130126
198047
230703
30968
197343
197775
52742
132441
214399
57625
57629
117870
16671
192711
66679
24863
57631
131455
287
205951
197727
185204
131359
16386
281
8479
131108
148220
164039
130127
9
50690
24857
173834
192719
216191
214239
130124
148735
199811
131271
65915
214394
66628
179614
17922
216769
177759
139405
173838
177552
152831
149112
16665
177626
177630
214721
132570
132447
17791
132102
24062
206598
1109
1028
196630
140559
17679
17733
21957
17723
239383
173471
131081
132146
177631
144858
206079
165343
132367
10
131192
140655
213101
197651
197755
139463
131146
92543
118419
132442
213037
155880
26
66671
299
132383
149119
123983
132704
131143
83054
132378
186453
41
214129
197759
168143
177498
164212
123355
123359
68
91544
131157
196751
131215
27
11
65883
186461
90587
156415
91548
131088
232895
52750
66639
91551
131082
104795
351
65567
65819
198015
83055
131696
188654
32248
90463
104799
85663
132150
90591
21973
26043
894
122
16447
17743
169567
174620
65803
235231
65551
181790
196881
166431
181490
118423
149022
131344
132099
197695
173322
213084
131164
213087
1057
72
134256
93263
137059
137063
53794
83091
173839
196684
214593
82303
66707
174623
220895
76
53806
220893
136559
83603
131100
8
132262
139174
137071
99429
118431
559
132126
12
53798
136358
53807
132175
131213
16
206015
180988
65612
189182
213777
186920
71015
103783
132638
139277
58
17749
510
132106
213080
156125
131137
149023
174621
206594
1471
197890
17871
69
17689
206103
139407
147805
202463
156127
131176
131357
139182
131423
66661
147807
291
147933
186927
155999
132703
186924
131115
188459
132271
195882
103791
64
133205
131421
136614
155997
16943
131085
132319
83352
132733
215839
131097
188463
195886
221214
221215
200942
225005
193834
200111
196846
131106
131631
213022
65562
222957
155752
213023
198363
137135
132195
99437
71023
217873
132394
155695
99407
227569
200958
132454
121712
225007
91550
186463
181791
131444
136547
196638
196719
17775
107
197650
38
17455
83023
102747
1032
182357
546
196863
147839
141066
168159
121716
163935
196671
1391
135391
210483
131099
227583
131295
117631
196655
131083
66840
197039
210487
368
159018
131163
187574
121724
135263
140554
168031
132278
121727
147551
112
359
165295
200959
208569
84336
102304
102316
81
82079
102317
155887
131072
66976
187583
66992
223473
195887
131121
227581
66991
65568
261500
66592
66736
102319
66735
102308
99439
1359
17887
17487
208573
210495
102320
206599
110
197638
22919
124
1147
4262
16439
17999
1033
43
25887
30587
1611
1029
151804
30593
30605
30623
4271
30597
30570
30621
1116
1119
1118
30574
30575
25983
23917
17551
21871
17433
1167
30607
17807
21903
17567
1407
30591
30095
21519
21869
23919
9231
21919
22413
30111
22429
1423
17
22415
1183
26479
30063
30079
29839
13471
17417
17773
30093
18319
5487
9225
21901
22431
22383
30109
17823
365
21647
18303
1049
5263
21887
9359
303
1026
23929
30769
30781
30773
26687
18495
31051
31052
1068
1069
30783
879
4110
29541
29565
12399
1295
213265
91007
148831
228732
213039
132359
102318
65584
100256
99759
215825
100271
99744
67488
202306
101792
187582
136367
347
144545
144557
44
191786
144559
132129
206387
202310
140465
144549
135206
202319
149018
132257
140449
1048
133956
214767
222588
136303
222959
139307
144561
140935
208575
98651
193406
223487
257407
129928
206521
132231
16431
24031
541187
17477
19909
148958
115583
93579
115599
131407
212578
132358
737795
1045
21
1305
206450
212590
148008
212582
140943
132112
198195
198255
65928
172572
210543
212591
196642
206447
93583
198242
208495
257404
182030
131186
132162
76429
197730
65663
148750
76431
132719
210530
212594
83215
21039
132194
66927
131345
215281
131170
355
82815
233234
88913
202318
131140
194068
129932
148015
131113
196706
83343
197743
73743
132639
129935
227573
49367
84351
230674
182031
140431
103382
20
194079
110755
110767
233246
65699
110771
133965
88925
163
261503
106671
194076
196735
49375
73903
110759
77999
51
141977
223832
194077
141981
196911
133711
132687
131144
133966
106659
65711
110763
73891
139311
132239
131343
131330
206087
140303
167068
168475
223836
49247
73907
213233
168479
132227
175
133964
84879
165407
139929
144916
131185
42
170783
132147
213150
248478
57764
57775
65631
131138
292
57772
261501
141983
103391
88917
420
57773
165023
25007
135711
202174
57780
52
232894
16815
131110
160610
173153
185887
117647
132476
131090
65935
173165
215710
102870
197711
167071
65622
233247
248479
148751
436
24996
82824
136484
133455
200079
160623
132388
173181
66189
197055
16820
84817
228735
110181
110189
252071
110191
160622
136495
110197
74381
131360
197823
65637
37
65547
74351
17781
1365
21839
26045
197895
74853
252079
75365
133444
125839
123946
123950
136492
200479
73829
75375
65647
136799
65653
132116
65807
132628
125832
135455
135707
108143
91117
223839
88927
74863
247983
168735
173183
44070
103390
132496
42022
44078
9263
44086
7
44079
167070
140415
9254
42031
213159
173157
247975
1062
91178
1843
204222
181518
1855
82029
1331
82031
8239
140385
83339
231861
32056
17479
17695
206098
123791
131239
131611
1075
205927
205935
65581
1016
152431
205943
213151
197045
1847
91119
131951
65569
125563
185876
125567
132131
65887
139804
197735
120
149262
132199
231869
209212
160614
16479
215711
197751
1020
197747
138047
111102
143727
231871
106878
236938
215640
140968
132136
140972
140456
144259
215647
132264
55682
65544
136724
140973
140975
55686
4109
17853
129933
132252
86
213663
111103
140563
9663
99286
30800
131231
140463
231046
255621
149012
140984
153108
215313
140328
132152
90824
135567
227463
117
4096
135999
55694
131147
192809
895
192813
90991
131369
66127
176425
135471
123784
161099
165898
314
192815
135535
161103
176431
90828
255629
297
143657
144271
197393
54542
160041
109197
137535
227471
90989
54558
139567
131388
231054
135465
135555
66063
160047
133130
165902
143663
194078
124881
197766
198160
17717
131346
196775
214159
74127
214661
92113
1294
131385
109199
82559
178090
91183
178095
178094
131114
177594
82511
248851
131387
33167
209213
65577
40
177578
178106
248863
177583
198172
132138
107151
135487
55695
215215
82518
198164
165903
74110
165396
124893
214047
135439
136623
271
209215
124895
131122
58457
58461
140335
67727
144815
131381
144263
216491
216495
54559
214447
386
214035
200127
214443
126620
197765
65854
223367
17535
197907
131334
151656
58463
73741
126621
216095
65677
216507
214319
17503
90831
82555
124885
214459
82526
131207
132446
219234
131371
65635
156
132427
66191
131436
168300
82632
168303
131384
230628
132115
168301
168316
197860
91016
135532
198175
1021
248855
131368
82527
100199
25689
144015
143491
215151
1105
91804
219246
219238
91615
143341
140397
100207
215138
83100
131117
143357
143747
255631
213160
19967
85
132354
206623
238863
21981
1349
132230
163850
142829
65695
17678
213167

--- Conjunto 4 ---

