366
321
356
314
105
103
110
114
159
58
60
120
93
80
100
100
96
121
125
80
105
69
107
138
137
137
129
129
107
115
95
125
85
102
107
86
118
118
129
89
111
118
149
122
103
119
109
124
127
101
59
116
117
108
110
124
114
102
56
54
104
99
48
100
121
122
82
91
97
122
122
84
104
87
46
107
119
44
44
104
115
31
78
100
113
127
45
45
111
115
40
50
107
100
40
51
109
95
117
83
76
101
88
42
80
108
82
50
105
121
44
41
105
128
88
61
44
115
116
42
42
128
112
45
74
101
106
88
50
104
90
118
114
47
79
103
81
44
77
111
77
40
113
128
109
91
42
95
114
52
45
116
131
46
44
115
120
44
61
121
112
119
44
43
111
120
98
52
49
48
47
51
48
50
48
83
81
51
93
123
39
46
113
97
40
64
108
96
78
82
95
122
114
104
48
58
106
97
45
88
113
49
48
100
116
43
50
85
138
114
40
33
110
121
48
42
108
101
46
59
104
100
91
78
74
101
75
35
38
42
32
111
122
41
55
111
114
109
115
116
117
135
105
111
69
68
66
57
66
61
117
110
111
111
61
58
73
115
108
61
64
93
123
75
68
75
66
78
86
101
47
50
49
46
49
48
54
50
47
42
51
46
45
64
87
76
49
46
51
44
43
44
44
46
43
43
50
45
44
66
82
65
44
50
43
46
42
48
47
39
48
52
49
100
90
77
87
57
51
51
46
44
41
45
45
45
42
44
46
44
49
65
89
81
46
49
49
48
53
49
45
43
50
53
44
45
43
51
95
91
47
44
42
51
45
45
55
47
47
48
49
88
105
49
102
94
42
44
46
46
44
49
42
43
44
44
50
81
100
48
111
88
50
45
50
47
50
43
47
45
41
47
44
46
46
50
108
88
51
46
49
47
44
47
49
45
45
48
48
42
53
46
105
90
45
44
49
46
46
41
42
43
47
49
53
50
44
47
108
88
43
46
49
54
46
51
50
45
46
48
43
83
86
48
108
82
44
45
47
50
45
48
44
49
44
43
43
51
47
49
116
87
104
104
44
44
45
48
38
40
53
47
53
52
48
50
96
96
50
45
51
44
45
44
46
52
46
47
49
45
43
55
91
105
47
45
49
50
43
51
47
47
49
50
48
46
103
89
87
104
45
45
48
46
48
43
52
49
44
49
43
45
42
44
92
92
55
46
42
50
53
44
47
42
47
44
51
50
52
42
94
98
40
46
46
47
44
44
49
55
46
41
47
56
46
48
80
90
56
44
46
42
110
111
54
48
44
49
46
49
116
94
76
74
65
45
42
47
46
45
49
51
46
45
45
49
58
47
60
78
81
46
43
46
45
46
55
47
43
42
43
41
43
50
45
93
97
52
49
44
50
45
47
50
44
43
45
48
52
48
48
91
89
57
51
37
44
42
50
43
48
45
47
49
102
105
47
109
97
48
44
49
46
48
46
48
46
43
56
44
50
49
51
113
94
52
45
44
50
49
44
38
61
107
86
53
44
48
45
106
98
50
48
45
45
44
37
67
115
154
98
98
91
86
97
135
131
90
94
91
100
89
101
89
102
96
95
105
123
129
132
97
106
107
105
103
97
94
106
97
81
87
113
98
90
101
133
122
93
94
101
100
109
93
93
99
93
98
92
94
87
92
105
137
91
87
102
88
99
90
94
94
88
99
88
97
96
138
85
96
99
84
95
109
87
97
98
94
91
99
111
123
95
129
118
99
98
88
97
92
100
97
100
91
102
92
91
89
108
121
145
96
101
100
105
103
95
96
103
89
98
107
96
93
138
88
99
89
96
100
95
87
93
89
81
95
91
85
95
103
93
133
95
79
84
101
88
87
89
86
88
97
94
106
126
126
123
94
92
94
99
93
90
82
102
87
98
97
89
102
88
115
129
100
96
101
99
90
98
97
84
82
103
97
91
105
128
96
147
93
46
48
49
47
50
44
54
45
46
48
61
146
135
76
102
89
80
100
98
97
93
91
92
97
97
110
78
123
138
128
92
109
93
104
94
91
100
90
111
84
105
89
100
99
99
134
101
102
107
100
96
103
105
93
100
97
97
112
95
126
95
105
97
95
100
92
91
99
103
103
94
93
102
96
97
126
130
95
96
94
99
95
99
88
92
91
91
99
125
93
98
131
136
107
92
95
123
114
91
97
103
100
93
97
106
103
112
95
131
96
96
93
106
95
105
98
101
97
98
86
92
90
132
125
94
96
94
102
84
96
90
96
91
90
98
94
90
110
98
133
0
