32768
250000
Quant grupos: 5
Media quant grupos: 857.0
--- Conjunto 0 ---
15917
133
24146
131
28547
3981
19973
146
26003
3730
16284
148
3450
3023
142
3982
128
28211
24939
3732
147
152
23165
137
27923
32308
3585
3134
149
3586
130
3714
3221
151
20269
10149
18735
3723
19757
138
3297
22904
2958
136
23268
3722
3089
3735
21966
3589
24912
3989
15570
22589
3734
150
9700
3587
26499
3591
2872
18453
29920
27897
30036
4481
3892
15392
32359
3898
14380
11813
19080
4487
24906
25533
16187
28203
26178
13963
4477
16674
2964
3733
21469
3715
8123
3711
2893
3597
141
17049
20839
2864
3178
12736
5181
5245
20708
7805
5157
3027
26485
7775
28533
30094
16519
132
28620
3717
2688
2962
3997
3719
3024
7717
17940
2883
28355
29921
3
5
16419
1
2191
3019
18425
23693
3133
30464
24400
3983
16393
24218
3125
20102
30037
30465
12935
16675
2865
16401
27252
16389
2885
3009
24741
8391
2970
2971
15094
25277
26179
25293
2871
28290
6939
27839
3098
25657
3446
14381
2974
3169
2899
6427
11692
29849
7439
27813
22512
37
3130
21705
32611
3096
3077
18390
28291
3213
30661
21711
3179
18391
14876
31453
21432
16385
24699
23269
19173
16833
22198
31246
32185
2205
2882
2887
24577
26845
25376
3257
24611
2955
2954
3008
18597
29804
11277
13277
27357
11034
3207
2973
3165
11789
3159
31183
21657
7211
27477
3174
3210
28391
9736
157
3445
27510
25073
25072
20709
24721
16403
22611
16517
15171
22927
9737
43
3131
3086
31335
29839
16399
11346
11059
12789
12783
10683
22398
23889
22950
16405
3293
2963
2953
28353
2867
3029
24916
29519
139
17786
29281
16285
24878
25185
29190
8349
18437
8153
17787
28064
13451
21472
28751
11462
18477
22756
29191
25747
3138
3212
3142
3167
14083
3413
32585
32309
20561
14128
24613
29968
15571
24737
31607
16429
143
31174
127
3290
25761
10387
30331
3790
18441
16513
2874
14129
22111
8195
3120
3791
12899
3113
29992
23024
2729
15172
24473
9701
3725
13743
30773
8357
3017
2869
8227
3163
3451
3161
15393
3181
17506
11213
17540
2879
16143
20323
3287
25009
18973
8327
144
25124
3072
24749
21353
9008
26264
20245
24401
2769
24965
28367
9
11686
3135
3175
2959
2880
187
17236
16589
3085
27014
19081
3112
8237
24189
2944
21967
24062
16391
3187
10285
5991
3216
16527
29693
25641
13
2965
3471
15730
3092
24907
25350
11788
3070
2447
3195
9020
3100
15
24579
22841
3235
22905
17378
16426
25717
3136
3067
24619
3145
3229
16521
407
17087
3110
25653
26229
24581
24147
24875
26165
24587
18733
21071
6317
3065
3152
17941
17393
15965
16397
3123
23896
18639
6912
30772
77
13935
24723
28619
25798
3994
18469
28065
3000
27102
24243
29733
13649
13491
2896
27108
8257
24595
8211
11647
13571
23457
16457
2361
3184
3119
2203
2875
25500
3049
3097
24617
26243
13742
8087
8197
19017
3172
22180
2189
23025
22681
513
532
6
3006
3007
29922
140
2238
2
12
24736
7
3510
3511
2231
16387
18957
124992
3255
2215
24704
0
111
16384
29856
25760
5135
5247
29923
5159
512
135
1061
2198
134
2196
129
25762
2187
2199
2183
3001
2487
2745
3299
2211
2232
25825
25824
2223
25763
16545
92224
2219
16386
2177
2744
8
2197
24576
25728
24706
35
2999
3899
4497
4496
18767
4241
9275
17068
7461
18445
4
11
12205
16549
17538
3151
3093
23804
10804
22668
10292
10805
23805
19644
19709
10277
10293
23740
8229
16388
18573
8196
18621
19645
16516
18588
18589
19597
17548
8228
18572
10276
23741
23772
16525
20168
13926
2049
14
2866
16512
3111
16515
25827
13927
2868
24707
2100
25729
52
16416
3176
2088
3191
3185
3117
3201
3094
3203
3205
3199
2080
3166
3180
3182
2096
3129
3168
3197
9831
3211
4031
20170
2055
20169
39
2767
2346
2602
2090
2859
2975
2091
3247
3256
3246
24738
2213
3259
67
16544
167
16957
16956
175
2217
16958
16940
66
16421
11378
30631
16520
20721
11347
16941
3025
3234
2363
3015
3230
2207
3231
2247
3243
18975
3251
2759
3250
2227
3026
2362
2225
3248
3249
18461
2193
533
29858
2873
24705
40
2195
2179
2178
29859
2176
163
3217
2717
24739
3239
3014
2209
17536
2947
2758
24608
198
2945
3238
2256
2771
3264
2257
3002
47
25029
28621
26053
12037
3842
25025
28613
25893
28463
28453
27941
26405
25889
3854
28461
29621
32693
32703
29617
30645
28420
32701
30789
30785
32581
32589
31813
31821
28430
32069
3909
16437
20279
20277
20285
18229
16433
3233
16949
17717
2216
3840
25773
28589
25769
28333
26541
3980
17037
20365
17033
18061
20366
18317
169
28559
2233
28623
28617
28609
16546
2258
2246
2768
25826
2101
165
2106
2221
2115
2093
2186
2083
3177
8231
3214
34
32154
17569
24773
18468
16423
2870
3068
3206
3054
3124
3170
3171
3220
3158
3222
2714
3069
10
2858
42
2114
29857
2181
3258
16514
16547
8194
16420
2239
79
2218
2056
3223
168
2259
161
2357
2192
71
199
209
6566
8110
6562
4014
3844
7590
4006
8102
4270
6062
2997
5550
5806
24134
24390
24398
32582
32590
32578
19
2119
2615
2360
2370
173
2185
2061
2458
3055
2202
2813
19175
3128
3160
27802
2089
16846
16847
6567
16591
38
2214
16526
6310
16590
36
2086
16396
16524
16398
2084
16454
2087
16583
2812
31597
517
15558
63
3155
24715
2098
16417
21478
2099
2081
3121
17390
25031
2609
17537
26733
3200
3202
32155
2097
28838
29094
16551
16390
24711
24775
29095
21479
21222
24709
24583
16550
21159
16903
24742
17062
24743
24998
21223
16422
17063
21158
24612
2353
3153
23806
23807
18623
23743
16518
18590
24999
18591
23742
17566
18622
18574
26669
17570
31599
2371
15559
3132
3173
19109
16523
24327
21767
24647
23559
33
19710
19711
18575
19646
16566
17543
170
3846
3847
2311
3821
1286
3881
3692
2763
3693
3695
18607
23815
22535
19647
25731
3190
18439
31951
27855
24719
22279
17415
19463
27853
24783
26767
20743
16647
26831
3862
26687
24615
18471
26671
26661
26663
26629
3157
2354
21871
17711
17455
16431
21551
24578
3127
30143
17775
25775
17519
25791
21615
24751
16559
21807
27245
22031
17935
25645
16911
3122
3150
15831
8343
11735
15575
16909
10455
11479
23
24685
3139
3198
18687
8199
18567
18566
10454
2053
18565
8215
9367
10390
10391
3192
23104
23105
16448
16449
16961
3115
3031
18599
25568
25569
19009
25312
25248
21057
21056
24800
25249
25313
18496
19008
2082
23584
23585
18464
17441
19489
22561
17440
4023
3164
23640
23641
2751
73728
3003
22617
18521
16472
18520
16473
22616
16456
16392
2608
26991
32
3144
19608
18569
19609
18568
18585
20569
16536
28976
28977
24625
24881
18584
24880
16432
31280
24624
26673
31281
30768
24609
26672
2488
27184
30769
3118
2094
3107
3154
2352
15088
14577
15089
8336
10385
10480
10481
10992
10416
10928
8320
10417
10384
145
3101
2077
3103
12313
8217
10993
8201
8368
30829
3194
3095
2059
2155
28145
26769
27825
27889
8193
26801
27793
16394
2126
23321
23065
18713
16409
28081
22809
18457
22553
20761
24753
3116
31343
26778
3109
16361
10409
15593
20505
8233
12009
16105
11497
8361
11463
26989
3137
3064
26779
18401
41
11433
18145
11753
18081
10473
17057
18337
2611
3162
22697
18601
17633
16553
16929
16425
3083
2057
16345
11737
15577
8329
3868
10457
8409
15833
24645
25
18634
3823
3824
3825
3827
3757
2797
2989
2737
2705
179
177
2739
3729
3761
2801
2803
2733
2289
243
657
687
1711
2273
2287
659
3763
2291
685
1155
1169
2991
3629
2249
2669
183
24714
25129
8345
14553
11481
10393
16089
27803
28218
28219
26683
24610
27690
27707
26667
24618
27691
25642
26666
3208
3209
30586
29818
30587
27706
16427
24682
25722
24586
26682
24602
30058
16395
30330
24170
24171
23147
21034
16490
28779
21099
29819
25659
20522
21035
3079
2190
8538
8192
8539
21098
23146
8259
8203
8523
17003
16491
22122
3149
24591
24623
19111
25426
24914
24915
16402
24659
25427
8283
24658
16466
8266
25171
3188
3189
27042
26787
26786
27043
18594
18595
2995
8198
3105
12882
12883
8786
8787
83
12371
8210
8275
82
10970
10971
10459
8274
8323
10394
10379
10458
10375
17061
2627
17619
8395
17555
10395
16531
10443
10378
16595
2103
3126
18
3186
2050
3218
2066
25754
26691
24643
17391
16558
17071
17135
17070
17134
26627
16522
3146
20435
19155
20179
18643
18579
19667
17039
11375
3147
19827
3108
3141
2275
23755
10374
3099
17539
31563
16418
15051
16459
19763
18451
25637
25075
25895
8331
24817
31051
25639
18507
26955
25074
24819
16587
18635
24755
19659
18483
19923
10955
24651
18803
24818
18739

--- Conjunto 1 ---
25029
15051
5
19827
25072
25893
23755
20435
31563
7
25637
25031
1
24711
16389
24773
25073
19659
6
77
29920
18973
3006
3007
29921
3
16384
127
2191
133
140
143
128
12
13
15
16545
3510
3000
2231
3511
3001
3255
124992
25760
29922
2
135
129
141
512
3297
3003
2199
2211
0
2232
2185
2183
2215
2487
2217
136
2209
131
25824
2883
24583
24613
16391
24775
16395
25074
24581
25895
16387
16421
18635
24722
24709
25075
24817
24723
139
16587
18643
10955
24818
24577
4
2495
25825
25763
9
2235
25761
16512
29856
16386
24578
3299
63
169
2745
2233
16385
25762
24595
16517
10443
16394
16459
16392
31051
24755
10
2999
8
19155
203
24647
24753
24787
20179
19667
24819
39
8395
24721
31597
16416
142
29859
137
2864
2866
2096
138
19173
20168
3120
29923
24737
15558
24736
3221
3170
3127
3152
3171
16547
3214
16399
134
29857
16514
2083
2081
32154
19175
25827
24036
18483
24593
25639
11
18596
24037
16420
24615
22692
24706
16523
16595
24625
24579
26955
26699
3019
3017
2951
111
2249
3233
3692
3693
2669
3695
3235
24651
16393
24705
18451
19620
16388
23716
24707
19763
16423
24645
16403
23972
27467
18739
18597
2223
47
167
14
2744
2088
18468
19507
18507
16846
16916
31996
17068
23284
16590
11692
27490
16847
22450
22219
16526
22451
16390
26764
31997
16591
16398
16527
16525
16518
27491
16419
16524
24717
26979
18099
16515
37
27837
16563
26781
16396
31932
18098
27900
26812
27836
24716
17445
8197
24869
26659
16521
24576
24611
24748
17447
26723
24752
8231
21195
17587
24816
2239
183
24739
130
2216
16544
21683
24704
26813
27901
24592
24754
8194
22195
16516
22194
20659
16562
25740
18435
23087
24174
24175
16397
25605
16430
16589
16942
71
23150
24720
21102
16462
16431
16494
17035
20527
16782
20658
18466
2751
29858
168
2177
2184
2179
21682
16428
24675
26658
8229
23151
16495
16943
26722
17413
2747
40
67
17007
24258
24259
24610
16418
16578
20674
23235
24674
19138
161
2995
16519
23746
21186
16588
17099
16579
532
3846
21171
3002
27234
26914
23234
29974
29975
25623
25622
24598
2746
18123
16407
16406
24599
25009
2181
25878
25879
25731
16513
26682
26683
26667
25889
26666
2058
163
17536
2729
24738
79
16417
160
4023
17075
18059
27814
27815
132
26791
24743
16548
26790
2234
2071
92224
24742
25826
3847
2761
2251
2055
3881
3334
3821
2189
3335
25767
26978
16551
24740
16483
31
26915
17354
2187
2218
16435
17355
16522
24871
17098

--- Conjunto 2 ---
27490
25893
16846
22450
25072
5
25895
22219
25637
16516
17354
1
0
16591
24816
16388
27491
16847
16423
16526
16390
16389
7
17034
17035
17355
27235
25639
16527
16590
24613
17099
16421
22451
26978
16398
24722
6
4
16515
3
16391
25073
16524
2
24576
26723
24615
16525
26659
16396
16586
16385
16522
24721
17098
2999
4023
16462
24581
16386
24752
16395
24675
16587
24753
77
29920
29922
3006
3007
2239
16512
127
2751
140
16384
12
18973
13
3510
3000
3511
29921
2216
3255
512
124992
2183
29923
2231
25760
25824
3002
2055
135
133
128
15
129
3297
141
139
2215
3299
3001
183
143
2883
16916
16387
16399
16519
25761
2223
9
2235
24610
24736
25763
131
10
111
2487
2729
2744
47
16394
16523
26722
24579
25074
24720
22194
24818
24611
24704
16518
25605
24674
16419
16392
37
26658
17587
2995
24583
26627
17586
24578
39
24705
16418
2217
16513
136
25825
3003
2209
2233
2745
151
2232
16397
24577
22195
21195
16435
21934
21935
17582
16559
24754
16517
24706
21683
8229
16430
26979
26914
17838
16782
16431
29856
24737
63
2746
2199
8
137
40
3235
2049
25826
24817
24594
4031
8197
24871
26915
21679
21678
16563
21682
17583
18099
16429
175
2087
16416
2234
2185
167
2489
2211
25762
16558
25009
2761
142
2864
14
134
3017
2966
2249
2177
11
3692
3693
2669
3695
24593
16393
21618
20499
21619
81920
3233
2083
67
2191
2218
2747
16402
20531
21523
4007
21554
21555
21522
20683
103
16403
16546
16434
17445
16544
29858
3203
21131
20498
17426
25889
13718
9366
13719
8342
9622
13462
8343
8215
8198
8231
25730
23
27234
16562
8214
24869
2238
25827
2187
3207
29857
29859
2219
24738
9367
9238
16514
16547
8199
21938
17554
21939
35
163
2967
2179
2866
2627
18467
16531
16545
138
24785
24592
31996
31607
2865
19173
20168
3111
16584
13927
13926
9831
3210
3169
3214
19175
32154
19111
29621
31997
29623
24757
23227
25768
29367
336
15107
16745
29451
16690
24515
17068
22833
16567
26243
21153
15003
19649
17524
17525
24759
16401
21873
20940
16549
10329
24711
23308
10657
7164
6909
24857
24044
22426
24404
21738
14364
23458
16565
29365
25269
20941
10273
24045
16691
23309
24587
16551
6908
14365
28853
26764
16437
25271
16588
16538
17578
16535
7165
28939
24743
25769
10241
24405
22691
29109
16439
337
16681
20665
16555
24601
16553
18605
21739
16521
16533
10243
28855
16469
10268
27901
24707
23981
30006
25219
25527
22723
20564
14595
16417
20667
24741
16571
21875
30007
18594
16407
17412
10313
18445
16326
16405
17057
10401
25075
23725
21730
25008
21731
31932
21667
10907
17571
18625
12823
25525
17635
16327
20611
8326
16539
21666
17570
9959
29751
168
169
92224
26813
17634
24608
161
21658
16554
17607
16422
23459
8195
18481
22797
9383
19455
22427
31927
17538
20714
15559
20715
21659
10439
27808
9912
19199
20650
24716
27809
20651
8225
22171
24584
10249
8727
28856
10499
27900
27831
15697
22424
24713
9866
8330
9867
24709
8331
22425
24787
17069
6473
10321
5929
95
28857
10257
24723
8849
27953
5673
9355
9354
8328
24708
19391
8851
2121
17683
21010
24554
24760
9913
13442
8323
130
9346
21011
13443
9347
24609
8361
11601
21130
18623
8322
20632
8339
2377
4137
24555
21656
20659
20226
27697
16520
11463
532
24747
27307
41
20570
20571
16475
26795
16459
16458
24585
26785
24717
8091
20227
25910
16915
25911
26807
20554
16474
8360
24744
16552
24631
16643
17660
23802
18587
23803
23739
18682
24745
18618
23210
16537
17547
23707
27836
18571
18603
6044
9385
7835
18570
23738
17549
18586

--- Conjunto 3 ---
29621
9912
23802
24759
25072
24576
17660
16391
31927
1
24757
16846
29623
31996
27490
22450
16389
25768
16517
7
22451
16847
16388
5
29365
16565
16390
22219
16549
17607
16590
21010
8091
8849
28855
27307
16567
6473
29367
20226
15697
16522
21130
16423
23803
24584
24554
27808
27809
27953
3
19455
5929
9959
22424
24819
18973
23227
26596
16523
28856
28853
5532
6044
17549
25074
24578
25073
16437
16526
25271
21011
8209
21131
16385
26597
9913
31997
16551
24579
16386
0
18570
6
25769
16398
16384
24741
27491
23581
24720
16387
16527
16421
23739
18618
24585
24299
18602
26341
17661
2999
26413
25075
156
25269
16745
19090
2
24592
16591
24752
16396
16530
19091
18575
18578
22168
16515
24704
27831
18434
24817
27837
20227
24753
24577
16535
16413
16519
129
24612
18579
16531
163
16514
19199
4
8361
25008
24716
15245
16429
28857
17069
26749
25527
16524
24816
6555
161
14733
17597
24818
26812
16399
22425
7579
16513
23198
24615
24785
17068
3806
4023
16439
24760
24743
16525
128
16916
24174
16518
77
29920
3006
2751
127
15
140
12
13
3510
3000
135
2183
29921
3511
3255
2231
532
25763
25760
25825
24707
24737
141
143
133
11
3017
142
2883
17536
124992
29923
3002
167
2215
29922
24736
25761
3001
25826
512
3297
134
2209
3821
3235
2761
3846
2177
3692
9
3693
3299
2093
2669
45
2745
2487
3233
3807
24175
3007
2239
2750
25762
2234
24738
29856
2219
131
2199
47
16393
24555
25645
16563
26659
16512
23199
26340
2270
16516
16405
24850
12430
24851
20358
157
21103
11692
24594
16536
24754
2121
16392
24595
8335
6045
27023
24015
19715
16548
22195
16402
26767
5789
24709
16407
16397
24722
16394
18445
23647
12079
12431
20359
8851
26637
18691
27697
26015
30959
17564
28507
24587
26715
27483
7835
27995
14477
25525
23151
17667
25947
16395
6592
155
2995
27608
27609
24739
3003
136
2232
137
24608
24705
27739
24611
26277
19590
6593
29109
8239
26723
16264
26699
18573
26843
24723
24667
16415
16265
24755
28837
3871
24721
16555
26799
7203
2083
24088
8334
3107
16431
35
25743
24715
23150
16419
2048
1059
18527
20504
6336
21729
24089
26779
18591
24976
16408
8328
2240
27096
17425
22194
19103
18639
22203
26840
16571
2223
25824
138
17569
2216
2744
21683
18107
25759
20667
16545
17581
24706
24719
17432
11567
14802
26629
19485
8333
37
16547
15497
16588
10381
23306
26766
21017
22187
20526
15419
8
11443
24593
16401
8235
23307
11323
19551
29111
8329
13099
43
8195
8227
24751
16462
4031
11307
10707
2746
111
2055
2217
21195
21827
8225
29403
8193
22723
24610
20803
22686
18627
16418
24711
21665
26635
132
16782
11657
17132
6724
10386
26824
10287
8338
27611
6725
10450
16532
17396
17133
12428
14803
69
17044
16521
25751
22623
8201
26722
23365
8876
12972
16579
17409
2218
63
19515
183
2233
2211
18475
25307
17397
16427
8332
36
18491
19499
16587
23557
16533
24485
12973
16650
17076
2117
16539
10419
26979
27651
25117
28125
24229
25013
24605
16453
26627
27869
19469
24795
17141
12429
8877
27234
19461
12425
28446
25119
16556
15214
16430
24589
2221
2181
10377
12843
22794
68
24607
18479
17633
21019
20491
24583
173
16923
26310
28447
16411
14703
24581
8355
24629
46
19877
23446
15215
16907
21003
16534
18443
14
44
20661
26071
10542
12788
12789
10
10259
8372
23447
8374
27934
8373
8196
32687
8324
8342
8341
169
2235
2185
26311
12790
2864
2054
2249
3823
201
18975
3824
3825
3827
533
139
3247
2989
2193
2733
2179
145
2225
2737
2195
175
3761
2689
1153
2739
2801
3763
2803
177
147
3309
3757
3759
3729
1683
2289
685
2797
2227
2705
2287
657
2735
1169
2991
3847
3335
2311
3881
109
513
3695
1549
26658
11375
18603
28591
16544
8198
12532
12469
26978
12533
12468
8436
25288
12724
17045
18068
18069
23973
25798
17558
16900
25289
17556
16744
26845
27823
17037
17413
18070
17616
12331
27935
32175
16241
25815
16528
2053
67648
2184
2488
18619
14447
11697
14449
16425
26572
92224
130
25806
26573
18501
17617
24774
24781
8241
21571
26317
24580
25805
24780
26061
22753
16520
9553
8207
18593
16589
26316
26574
10401
2629
8365
26910
10351
29154
11114
24258
24588
10417
24717
9217
6170
10543
28834
17553
12922
24259
13844
13845
29155
8212
13846
11115
20
13333
24591
6171
9237
9749
17747
27979
24613
16713
16585
13332
8213
9236
16529
16417
16416
17537
20883
21059
6155
9238
26654
21
10609
20675
17491
18114
21347
26643
31059
7220
7221
8203
12923
52
20627
3125
16963
7222
2101
20076
21644
23235
14705
16559
21645
26963
12858
24713
8202
54
3124
10353
17060
16681
25009
20077
21647
8273
24631
2102
10602
13772
13773
31508
17061
13774
9297
16420
24727
8204
9293
2222
170
2729
9356
31509
9420
16680
15729
15493
25059
9228
9421
8205
17099
8206
16578
16931
13517
11389
9357
30997
21091
5508
16562
5252
5509
1157
5510
17551
1156
5253
26644
30996
11397
230
22689
231
10253
166
1029
17548
28982
4007
15473
16404
16451
25740
25741
8197
19053
25742
24630
16493
15695
23234
17475
18657
28983
26151
2059
24718
17255
13887
17965
13359
29617
26955
17621
17557
18032
6960
17090
26707
17570
1207
12410
3850
16403
28880
31952
18626
17623
19138
26914
17541
11353
16945
28432
16999
6961
24101
11373
8265
22053
16933
20137
20737
39
16941
31953
17957
18033
24674
6817
20005
13649
17191
28433
6819
17445
28881
16944
8257
16641
15610
24770
2214
24596
26769
9265
26832
11514
10319
22261
22199
10313
31106
4145
22197
22263
31107
24771
13393
16935
26901
10314
9263
20674
15611
26755
16929
17077
33
7307
8465
18101
16422
27061
26805
48
26754
25015
15827
8231
27920
2191
18957
27011
27063
26789
2187
26807
10315
16400
27404
19
16553
21037
10329
28828
21039
24732
11377
12524
3211
18001
17936
26893
11475
27405
11451
17917
12525
26892
10387
17919
17968
26645
2495
25827
29857
2747
168
20481
17853
8211

--- Conjunto 4 ---

