226
198
224
189
63
65
64
67
91
40
45
61
67
54
73
55
65
76
68
55
65
50
64
74
74
86
68
73
65
59
59
72
60
68
70
53
76
71
77
58
68
67
85
63
50
65
65
72
71
67
27
67
66
64
60
70
60
66
35
37
53
71
35
69
69
76
52
65
60
69
73
54
60
58
31
69
68
31
31
65
69
20
56
62
67
70
31
29
64
67
26
34
54
66
27
32
64
59
74
58
52
59
55
26
53
58
59
30
64
73
33
30
64
75
55
45
32
72
68
29
33
74
68
29
50
59
67
47
33
66
58
71
72
35
55
60
59
29
50
64
55
29
69
74
71
62
26
62
67
43
32
69
74
33
34
68
68
26
42
71
65
66
26
30
68
63
61
37
39
37
34
40
36
39
37
60
52
36
65
72
27
37
61
66
26
47
62
64
50
46
59
66
68
68
28
45
59
67
30
64
64
35
34
63
65
30
36
52
84
71
28
23
62
75
34
32
61
65
31
45
60
67
55
46
49
61
47
22
24
31
24
68
81
31
43
59
64
63
67
62
66
73
55
72
49
48
48
41
46
46
69
71
75
73
46
45
53
66
77
45
44
60
69
53
44
53
41
56
52
72
37
39
38
41
40
39
42
40
37
35
41
35
35
53
51
62
38
37
43
38
34
36
37
39
36
36
41
36
34
52
44
54
35
36
33
34
31
38
38
29
40
43
39
68
63
57
52
47
42
40
35
34
30
35
37
37
32
38
36
35
38
50
51
55
35
38
38
37
43
38
35
34
37
43
34
33
33
39
60
62
36
34
30
41
36
35
43
34
38
38
39
54
64
39
61
65
35
33
36
38
37
38
31
34
31
35
41
56
59
36
70
62
38
35
38
39
37
33
37
34
31
37
34
37
37
39
72
58
42
35
37
37
35
36
39
36
34
37
38
33
41
35
73
61
37
35
37
31
35
34
32
33
38
36
40
36
35
39
74
56
34
35
37
38
34
38
38
35
34
38
33
62
54
38
69
55
33
37
38
35
36
37
35
39
36
31
32
40
35
40
76
59
53
66
33
36
34
35
32
31
40
36
39
39
38
36
63
68
39
35
37
33
35
33
37
42
36
36
37
34
32
43
64
66
36
36
34
38
32
39
38
37
39
38
38
35
66
63
64
70
36
35
39
35
40
36
43
39
35
37
34
33
34
38
65
54
43
38
34
37
43
34
38
34
36
33
37
35
38
34
67
58
32
36
34
34
34
34
36
44
37
32
37
45
36
36
60
54
42
35
34
33
68
72
42
38
33
39
37
37
77
66
60
42
50
35
31
33
35
34
38
42
36
36
32
36
45
38
46
44
54
37
32
38
33
35
43
37
32
32
34
34
34
37
35
56
69
42
38
35
37
32
32
41
33
34
38
34
39
37
36
58
59
43
37
28
33
32
38
32
37
35
35
40
69
62
34
64
66
37
33
36
38
38
37
39
37
31
44
35
40
39
37
72
66
39
36
34
37
37
34
27
49
50
60
43
33
38
35
67
63
39
35
35
33
33
28
51
59
110
75
85
69
71
79
86
101
72
77
70
80
79
88
73
81
79
75
85
78
96
104
59
87
86
91
86
74
77
86
82
67
74
92
79
69
80
89
86
78
78
81
78
87
77
75
79
76
82
77
79
71
77
70
109
74
73
81
74
79
68
78
73
74
78
70
74
79
101
52
83
78
69
79
90
72
78
78
80
74
80
89
65
54
89
84
82
78
72
79
76
80
75
80
73
85
77
72
71
85
79
110
74
80
77
84
80
77
76
86
74
77
83
78
78
105
53
80
72
76
80
78
68
75
75
68
80
72
72
81
81
59
98
80
66
69
83
72
71
70
64
68
76
74
67
94
93
81
73
75
72
75
78
71
67
79
69
73
75
71
75
67
75
100
75
76
79
75
72
79
75
68
67
81
75
75
79
98
60
91
56
36
36
37
33
38
34
40
37
37
38
44
99
103
47
80
67
65
80
76
78
72
74
74
76
80
91
50
94
99
90
76
81
77
80
79
74
81
74
90
68
81
75
82
80
67
100
82
84
85
81
73
80
79
70
76
70
77
86
75
98
61
83
75
73
81
71
74
76
82
79
72
75
79
74
82
92
86
77
76
74
83
73
82
73
73
73
74
82
94
60
78
83
100
82
75
79
91
64
75
77
78
80
74
78
84
84
86
57
101
81
75
74
84
73
79
77
74
78
75
68
70
73
93
94
75
77
76
74
69
81
70
75
72
68
75
75
74
87
61
99
0
