65536
250000
Quant grupos: 5
Media quant grupos: 638.75
--- Conjunto 0 ---
7958
66
12073
65
14273
1990
9986
73
13001
1865
8142
74
1725
1511
71
1991
64
14105
12469
1866
76
11582
68
13961
16154
1792
1567
1793
1857
1610
75
10134
5074
9367
1861
9878
69
1648
11452
1479
11634
1544
1867
10983
1794
12456
1994
7785
11294
4850
13249
1795
1436
9226
14960
13948
15018
2240
1946
7696
16179
1949
7190
5906
9540
2243
12453
12766
8093
14101
13089
6981
2238
8337
1482
10734
4061
1855
1446
1798
70
8524
10419
1432
1589
6368
2590
2622
10354
3902
2578
1513
13242
3887
14266
15047
8259
14310
1858
1344
1481
1998
1859
1512
3858
8970
1441
14177
1
2
8209
0
1095
1509
9212
11846
1566
15232
12200
8196
12109
1562
10051
6467
8200
13626
8194
1442
1504
12370
4195
1485
7547
12638
12646
1435
14145
3469
13919
1549
12828
1723
1487
1584
1449
3213
5846
14924
3719
13906
11256
18
1565
10852
16305
1548
1538
9195
1606
15330
10855
7438
15726
10716
8192
12349
9586
8416
11099
15623
16092
1102
1443
12288
13422
12688
1628
12305
1477
9298
14902
5638
6638
13678
5517
1603
1486
1582
5894
1579
15591
10828
3605
13738
1587
1605
14195
4868
78
1722
13755
12536
12360
8201
11305
8258
7585
11463
21
1543
15667
14919
8199
5673
5529
6394
6391
5341
11199
11944
11475
8202
1646
1476
14176
1433
1514
12458
14759
8893
14640
12439
12592
14595
4174
9218
4076
14032
6725
10736
14375
5731
9238
11378
12873
1569
1571
1583
7041
1706
16292
10280
7064
12306
14984
12368
15803
8214
15587
63
1645
12880
5193
15165
1895
9220
8256
1437
11055
4097
1560
6449
1556
14996
11512
1364
7586
12236
1862
6871
15386
4178
1508
1434
4113
1581
1580
1590
8753
5606
8770
1439
8071
10161
1643
12504
9486
4163
72
12562
1536
12374
10676
4504
13132
10122
1384
12482
14183
4
5843
1440
93
8618
8294
1542
13507
4118
12094
1472
12031
8195
1593
5142
2995
1608
8263
14846
12820
6
1735
7865
1546
12675
1535
1223
1597
4510
1550
7
12289
11420
1617
8689
8213
12858
1568
1533
12309
1572
1614
8260
203
8543
1555
12826
13114
12290
12437
13082
12293
9366
10535
3158
1532
1576
8696
7982
8198
1561
11948
9319
3456
38
6967
12361
14309
12899
1997
9234
1500
13551
12121
14866
6824
6745
1448
13554
4128
12297
4105
5823
6785
11728
8228
1180
1592
1559
1101
12750
1524
12308
13121
4043
4098
9508
1586
11090
1094
11340
256
266
3
1503
14961
1119
1755
1115
8193
9478
62496
1627
1107
12352
55
14928
2567
2623
2579
67
530
1099
1098
12881
1093
1091
1243
1372
1649
1105
1116
12912
1111
8272
46112
1109
1088
12864
12353
17
1499
2248
9383
2120
4637
8534
3730
9222
5
6102
8274
8769
1575
11902
5402
11334
5146
9822
9854
5138
11870
4114
9286
9310
9294
9798
8774
11886
8262
10084
6963
1024
8257
12913
1050
26
8208
1588
1044
1595
1558
1600
1547
1601
1602
1599
1040
1591
1048
1564
1598
4915
2015
10085
1027
19
1383
1173
1301
1045
1429
1623
12369
1106
1629
33
83
8478
87
1108
8479
8470
8210
5689
15315
10360
1181
1507
1615
1103
1123
1621
9487
1625
1379
1113
1112
1624
9230
1096
14929
20
1097
1089
81
1358
1619
1104
8768
1473
12304
99
1128
1385
1632
1501
23
12514
13026
6018
1921
12512
14306
12946
14231
14226
13970
13202
12944
1927
14230
14810
16346
16351
14808
15322
14210
16350
15394
15392
16290
16294
15906
15910
14215
16034
1954
8218
10139
10138
10142
9114
8216
1616
8474
8858
1920
12886
14294
12884
14166
13270
8518
10182
8516
9030
10183
9158
84
14279
14311
14308
14304
8273
1129
82
1053
1110
1057
1046
1041
4115
1607
16077
8784
12386
8211
1534
1527
1585
1611
1357
1090
39
1028
80
1178
35
104
3283
4055
3281
2007
1922
3795
2003
4051
2135
3031
1498
2775
2903
12067
12195
12199
16291
16295
16289
9
1059
1307
1185
86
1092
1030
1229
1406
9587
13901
8423
8295
3155
1043
1042
8227
8291
15798
258
7779
31
1577
12357
1049
10739
8695
12515
1304
13366
14419
14547
8275
12355
12387
10611
12354
12291
10579
8451
12371
8531
12499
1176
11903
9311
11871
9295
8783
9287
13334
8785
15799
9554
8261
12163
10883
12323
11779
16
9855
9823
8283
8771
85
1923
1155
1910
643
1940
1846
1381
1847
9303
11907
11267
12865
9219
15975
13927
12359
11139
8707
9731
13926
12391
13383
10371
8323
13415
1931
13343
12307
9235
13335
13330
13331
13314
1578
1177
10935
8855
8727
8215
10775
1563
15071
8887
12887
8759
12895
10807
12375
8279
10903
13622
11015
8967
12822
8455
7915
4171
5867
7787
8454
5227
5739
11
12342
9343
4099
9283
1026
9282
4107
4683
5195
1596
11552
8224
8480
1557
1515
9299
12784
9504
12656
12624
10528
12400
9248
11792
9232
8720
9744
11280
2011
11820
1375
36864
11308
9260
8236
13495
9804
9284
9292
10284
8268
14488
12312
12440
15640
13336
15384
1244
13592
1047
1553
7544
7288
4168
5192
5240
5496
5208
5464
4160
1038
1551
6156
4108
4100
4184
15414
1029
1077
14072
13384
13912
13944
4096
13400
13896
8197
1063
11660
11532
9356
8204
14040
11404
9228
11276
10380
12376
15671
13389
1554
8180
5204
7796
10252
4116
6004
8052
5748
4180
13494
9200
5716
9072
5876
9040
5236
8528
9168
1305
11348
9300
8816
8276
8464
8212
1541
8172
5868
7788
4164
1934
5228
4204
7916
12322
12
9317
1911
1912
1913
1878
1398
1494
1368
1352
89
88
1369
1864
1880
1400
1401
1366
1144
121
328
343
855
1136
1143
329
1881
1145
342
577
584
1495
1814
1124
1334
91
12564
4172
7276
5740
5196
8044
14109
13341
13845
13853
13333
12821
1604
15293
14909
12341
12861
12301
15029
12085
11573
10517
8245
14389
10549
12829
10261
1539
4269
4129
4101
4261
8501
11061
1574
12295
12311
9555
12713
12457
12329
4141
8233
4133
12585
1594
13521
13393
9297
1497
1552
6441
4393
41
6185
4137
5485
5229
4161
5197
5189
5187
8530
1313
8809
4197
8777
8265
5221
8297
1051
1025
1609
1033
12877
13345
12321
8535
8567
13313
1573
10217
9577
10089
9321
9289
9833
8519
5687
9913
1570
1137
11877
15781
7525
8229
9881
9225
12818
12537
12947
4165
12408
15525
12819
9253
13477
12409
8293
12377
9829
9241
9961
5477
12325
9401
9369

--- Conjunto 1 ---
12514
7525
2
9913
12536
12946
11877
10217
15781
3
12818
12515
0
12355
8194
12386
9829
38
14960
9486
1503
1
8192
63
1095
66
70
71
64
6
7
8272
1755
1500
1115
1627
62496
12880
14961
67
256
1648
1501
1099
1105
1116
1092
1091
1107
1243
1108
68
1104
65
12912
1441
12291
12306
8195
12387
8197
12537
12290
12947
8193
8210
9317
12361
12354
12408
69
8293
9321
5477
12409
12288
1247
12881
4
1117
8256
14928
12289
1649
31
84
1372
12297
8258
5221
8229
8196
15525
12377
5
1499
9577
101
12323
12376
12393
10089
9833
19
4197
12360
15798
8208
14929
1432
1433
1048
9586
10084
1560
12368
7779
1610
1585
1563
1576
8273
1607
8199
8257
1041
1040
16077
9587
12913
12018
9241
12296
12819
9298
12307
11346
12353
8261
8297
12312
13477
13349
1509
1508
1475
55
1124
1616
1846
1334
1847
1617
12325
12352
9225
9810
11858
9881
8211
12322
8201
11986
13733
9369
1111
23
83
1044
9234
9753
9253
8423
8458
15998
8534
11642
8295
5846
13745
11225
11109
8263
13382
8262
8259
8209
12358
13489
9049
18
13918
8281
13390
8198
15966
13950
13406
8722
4098
12434
13329
8260
12305
12374
8723
13361
4115
10597
8793
1119
91
12369
10841
4097
11097
10329
12870
9217
11543
12087
12802
8215
8294
8471
35
11575
10551
8231
8247
8517
10263
8391
9233
1375
1088
1089
8214
12337
4114
8706
1373
20
33
8503
12129
8289
10337
11617
9569
80
1497
11873
10593
8549
266
1923
10585
13617
13457
14987
12811
12299
9061
8203
12504
1090
12939
12865
13341
13333
12944
1029
81
8768
1364
39
2011
8537
9029
13907
13395
12371
8274
1035
46112
1380
1125
1027
1940
1667
1910
1094
12883
8275
12370
8241
15
8677
1093
1109
8217
12435

--- Conjunto 2 ---
13745
12946
8423
11225
12536
2
12947
11109
12818
8258
8677
0
8295
12408
8194
8211
8263
8195
3
8517
13617
12819
12306
8549
8210
13489
8199
12361
8257
1
8262
12288
13361
12307
13329
8198
8293
8192
8261
12360
1499
2011
8231
12290
8193
12376
8197
12337
38
14960
14961
1503
1119
8256
63
1375
70
6
9486
1755
1500
1108
1627
256
62496
1091
1115
12880
12912
1501
1027
67
66
64
7
1648
69
1107
1649
91
71
1441
8458
8259
1111
4
1117
12305
12368
12881
65
5
55
1243
1364
1372
23
12289
12537
11097
12409
12352
12802
8209
8196
18
8793
1497
12291
13313
19
68
1104
1116
75
10597
8217
10967
8791
8279
12377
12353
10841
4114
8215
13457
8919
8391
14928
31
1373
1099
20
1617
1024
12913
12297
2015
4098
12435
10839
8281
9049
8214
87
1043
8208
1092
83
1244
1105
12504
1380
1432
1508
1483
1124
1088
1846
1334
1847
12296
10809
10249
40960
1616
1041
33
1095
1109
8201
10265
10761
2003
10777
10341
51
8273
8722
8272
14929
1601
10565
8713
12944
6859
4683
4171
4811
6731
4107
4099
4115
12865
11
12434
1093
1603
12369
4619
10969
8777
17
81
1089
1433
1313
9233
8265
12392
15998
15803
9586
10084
1555
8292
6963
4915
1605
1584
1607
9587
16077
9555
14810
14811
12378
11613
12884
14683
168
7553
8372
14725
8345
12257
8534
11416
8283
13121
10576
7501
9824
8762
12379
8200
10936
10470
8274
5164
12355
11654
5328
3582
3454
12428
12022
11213
12202
10869
7182
11729
8282
14682
12634
5136
12293
8275
14426
13382
8218
12635
8294
8269
8789
8267
14469
12371
5120
11345
14554
8219
8340
10332
8277
12300
8276
9302
8260
8266
5121
14427
8234
5134
13950
11990
15003
12609
12763
11361
10282
7297
10333
12370
8285
10937
9297
8203
8706
5156
9222
8163
8202
8528
5200
11862
10865
15966
10833
5453
8785
9312
6411
12762
8817
10305
4163
4979
14875
84
46112
13406
12304
80
10829
8803
4097
9240
11398
4691
9727
15963
8769
10357
7779
5219
13904
4956
9599
10325
12358
4112
11085
12292
5124
4363
14428
5249
13915
7848
11212
12356
4933
4165
12354
12393
3236
5160
2964
47
5128
4424
13976
2836
4677
4164
9695
4425
1060
8841
10505
12277
12380
6721
4161
4673
4180
5800
9311
10316
4169
1188
2068
10828
10329
10113
13848
5731
266
12373
13653
10285
8237
13397
8229
13392
4045
12955
8457
13403
10277
12372
12315
8321
8830
11901
9293
11869
9341
9309
11605
8268
8773
11853
13918
9285
9301
3022
4692
3917
8774

--- Conjunto 3 ---
14810
4956
11901
12379
12536
12288
8830
8195
15963
0
12378
8423
14811
15998
13745
11225
8194
12884
8258
3
2
14682
8282
11109
8274
8803
8295
10505
4045
4424
14427
13653
8283
3236
14683
10113
7848
8261
10565
8211
12292
12277
13904
13976
1
9727
2964
4979
11212
12409
9486
11613
13298
14428
14426
2766
3022
8774
12537
12289
8218
8263
12635
4104
8192
8275
8193
9285
8199
12370
11790
12360
8210
11869
9309
12149
9301
13170
1499
13206
78
12634
8372
9545
12296
12376
8198
8265
9287
9289
11084
8257
12352
13915
9217
12408
13918
8267
8206
8259
64
12306
81
9599
4180
12504
12358
7622
8214
8534
13374
12763
8262
3277
80
7366
8798
13406
3789
8256
11599
12307
12392
1903
2011
8219
12380
12371
8458
12087
38
14960
1503
1375
63
7
70
6
1755
1500
67
1091
1627
1115
266
12881
12880
12912
12353
12368
71
66
5
1508
1441
8768
62496
14961
1501
83
1107
12913
256
1648
1104
1910
1617
1380
1923
1088
1846
4
1649
1046
1334
22
1372
1243
1616
1119
1117
12369
14928
1109
65
1099
23
8196
12822
8281
13329
1135
8202
12425
6215
10179
10551
5846
12297
8268
12377
1060
4167
13511
12007
9857
11097
8201
13383
2894
12354
8203
12361
8197
9222
11823
6039
4425
13318
9345
13848
13007
15479
8782
14253
12293
13357
13741
3917
13997
7238
12762
11575
8833
12973
3296
77
1497
13804
68
1116
12304
13869
12305
13138
9795
14554
4119
13361
8132
13349
9286
13421
12333
8207
14418
1935
8277
13399
3601
1041
12044
1553
8215
17
12871
12357
8209
1024
529
9263
10252
3168
10864
13389
9295
12488
8204
4164
1120
13548
8712
9551
9319
11101
13420
8285
1111
69
8784
1108
10841
9053
12879
10333
8272
8790
12359
8716
5783
7401
13314
9742
4166
18
8273
7748
8294
5190
11653
10508
11093
10263
7709
5721
8200
4117
5661
9775
14555
6549
21
4097
4113
12375
8231
2015
5653
5353
1373
55
1027
10597
10913
4112
14701
4096
11361
10401
11343
9313
12355
10832
13317
8391
5828
8566
3362
5193
13412
5143
4169
13805
5225
8266
8698
6214
34
8522
8260
12875
11311
4100
11682
4438
6486
8289
8704
31
9757
91
1105
9237
12653
8213
9245
9749
8293
11778
12242
8325
8538
1058
8269
5209
13489
13825
12558
14062
12114
12506
12302
8226
13313
13934
9734
12397
8570
13617
9730
6212
14223
12559
8278
7607
12294
1110
1090
5188
6421
11397
12303
9239
8816
10509
10245
12291
86
8461
13155
8205
7351
12290
4177
12314
9938
11723
8453
10501
9221
10330
13035
5271
6394
5129
4186
4187
13967
4098
16343
4162
4171
4170
84
1092
6395
1432
1124
1911
100
9487
1912
1913
1623
1494
1096
1366
1089
72
1112
1368
1097
87
1880
1344
576
1369
1400
1881
1401
88
73
1654
1878
1879
1864
841
1144
342
1398
1113
1352
1143
328
1367
584
1495
1667
1155
1940
54
1847
774
5687
14295
4099
6266
6234
4218
12644
6362
9034
11986
12899
8779
8450
8778
13422
13911
8518
8706
9035
8808
6165
16087
8120
12907
8264
1026
33824
1244
7223
5848
7224
8212
13286
46112
12903
9250
12387
12390
4120
10785
13158
12902
13030
11376
4776
4103
9296
13287
5200
1314
4182
13455
5175
14577
5557
12129
5208
4608
3085
14417
8776
6461
6922
4106
6923
10
6666
12295
4618
4874
8873
13989
8356
8292
8208
10441
10529
3077
4619
13327
5304
10337
8745
9057
10673
13321
15529
3610
4101
26
10313
1562
8481
3611
1050
10038
10822
11617
7352
8279
13481
6429
12356
27
5176
8530
8340
10823
4136
12315
1051
5301
6886
15754
6887
4648
12363
4102
4646
85
1364
4678
4710
7864
7746
12529
4614
8549
8465
6758
5694
15498
10545
2754
2626
578
2755
8775
13322
5698
115
11344
5126
514
14491
2003
7736
8225
12870
9526
8246
7847
8737
9328
13075
1029
8627
6943
8982
6679
14808
13477
8810
9016
3480
8545
13353
8785
603
6205
1925
14440
15976
8811
9569
13457
8770
5676
8472
14216
8499
12050
5686
4132
11026
8466
10068
10368
19
8470
8978
12337
3408
10002
6824
8595
3409
8722
4128
8320
7805
12385
12298
13384
4632
13416
5757
5159
11130
11099
5156
15553
2072
11098
11131
6696
8467
13450
5157
4631
13377
8464
16
3653
4232
9050
13530
13402
24
12507
7913
4115
13960
1095
9478
13505
13531
13394
1093
13403
13702
9
8276
10518
5164
14414
10519
12366
5688
6262
1605
9000
8968
13446
5737
5725
8958
8959
8984
1247
10240
8926
4105

--- Conjunto 4 ---

