508
153
31
109
78
117
152
147
59
32
36
14
10
32
164
182
59
10
57
14
10
23
167
103
89
21
13
36
13
13
13
13
36
13
13
13
36
13
13
13
13
36
13
13
13
34
25
15
13
13
36
13
13
13
13
57
13
13
13
36
13
13
13
13
36
13
13
13
36
13
13
15
13
52
13
13
13
36
13
13
13
13
36
13
13
13
12
36
13
13
13
36
13
13
13
15
36
13
13
13
981
315
497
348
303
307
487
454
555
555
559
513
356
492
500
406
471
488
414
515
424
451
466
395
478
615
403
490
430
488
484
483
478
440
388
473
458
514
575
490
395
450
432
407
462
530
471
441
410
486
464
351
461
479
411
579
483
507
582
398
435
494
412
475
448
355
596
416
477
211
404
455
417
378
434
507
519
419
535
481
461
443
449
450
553
450
451
358
558
363
356
509
375
457
478
539
495
494
551
439
1195
547
597
563
592
418
406
358
351
346
304
351
355
344
372
339
394
279
358
362
361
291
320
364
337
364
350
122
204
126
184
238
106
221
212
118
259
206
201
196
120
210
221
105
231
114
283
216
109
215
243
115
218
119
208
218
222
233
203
147
220
110
204
229
113
217
274
349
354
378
403
352
283
356
360
279
419
361
347
361
280
354
374
268
359
426
108
422
386
292
376
317
367
359
352
410
363
283
356
373
115
229
306
128
206
227
226
227
131
226
237
265
177
222
223
230
233
126
218
230
263
233
228
136
243
269
137
236
237
230
234
236
189
224
272
140
231
240
237
240
120
265
250
250
208
246
165
241
268
138
248
235
250
265
142
242
231
225
264
194
438
509
261
265
147
225
238
259
226
216
189
214
281
136
217
222
233
240
207
242
379
242
265
209
190
242
274
131
222
248
226
242
126
213
226
251
134
229
237
256
0
