4096
1000000
Quant grupos: 5
Media quant grupos: 2400.5
--- Conjunto 0 ---
31524
552
275
510
556
522
404
24554
588
401
1237
405
400
61392
568
532
457
458
576
0
187
64464
402
496
272
64579
64578
291
289
292
439
4012
504
4030
264
24552
64595
64594
32145
324
293
302
65108
64522
65093
64591
24559
63668
32130
32131
65049
32128
24547
65024
34910
32399
64926
507
279
4065
64925
62089
65025
4056
64931
64924
61896
34909
4066
24546
65026
34908
65014
64883
61993
64880
528
65055
65023
65047
64886
3974
34907
65022
3978
3976
65021
8776
65019
32129
1240
63522
64263
515
329
24553
328
331
517
370
4
330
24555
561
287
4014
24545
833
288
26190
24558
369
5
34722
64480
64273
1243
514
274
464
64481
64256
301
157
5353
62761
64272
933
1234
24557
63986
62654
595
64465
63987
4087
63990
60600
63467
62002
62663
849
4044
24556
62160
65046
49190
62441
34905
34903
34902
65048
62193
512
61611
314
65483
56196
36818
45963
61597
294
61594
284
577
772
608
1181
938
629
1226
1195
304
373
564
563
55049
32521
48249
34075
374
316
318
4048
149
65112
64888
65482
16380
426
459
427
64908
64956
1023999
64903
146
12937
25179
49453
10132
20695
33616
65106
61853
550
64980
10808
31541
65032
4046
64965
64964
64971
4033
65030
65033
64889
300
58562
65474
24548
64900
24549
10053
581
64294
24550
518
24551
551
4007
64295
520
54568
745
1162
64907
45068
64909
557
17678
29358
4015
559
527
13583
17679
24560
64434
1236
55636
534
63926
54230
535
24568
26553
796
508
509
62685
56894
3999
511
64961
266
269
273
64951
64959
64958
432
430
490
438
492
1042
412
484
440
1023998
265
34900
34899
43763
315
64890
519
475
64906
486
64935
64945
63181
270
283
282
64483
60260
285
26181
43341
34425
22121
1210
63180
4001
4000
506
4004
4002
150
64992
64472
64800
56860

--- Conjunto 1 ---
1055
81758
24184
1141
201544
1187
28687
1182
1218
208986
24070
1102
194198
204206
1044
24444
1212
161612
1129
1094
204690
1174
1184
1181
1267
251689
138710
1193
1194
1213
17591
17559
1175
74065
1203
24219
202242
211739
1200
1173
30813
23271
208723
203311
238415
31079
197617
34888
28719
35009
25465
63695
31121
199441
1136
203536
201095
158751
206636
104581
1165
28735
206228
29855
208335
1199
51911
29871
1048
29724
201904
203344
24190
1138
196466
1126
1127
23292
153420
1106
25410
28703
1180
29791
73055
74205
24717
199421
73566
94685
1056
25328
162399
1054
163766
153798
1070
23449
1026
204670
98142
1024
1022
203880
206238
1150
26296
203936
204952
189384
143672
201919
27576
147791
131103
143676
23296
201480
201916
25400
203359
17934
23304
16767
203348
203884
27296
25464
41436
198685
136329
17007
23273
209689
196735
24217
197629
23465
196895
146941
185265
23313
74079
137033
192593
141153
25401
209693
23321
24065
131119
25393
199453
15
47
146937
23345
197621
207545
200685
24441
198943
1137
25473
132415
26377
105
137037
207549
16431
203722
24834
82370
1130
23266
23618
208991
208990
23322
214122
132223
213730
24066
25422
34602
131167
24158
24154
24218
26058
215786
1039
24926
24666
24078
204702
23350
181631
23410
131135
23346
17935
148863
204694
132111
203726
21599
132479
26394
19694
204895
17743
25418
26398
197122
23394
194154
131199
24186
211743
206203
197771
24195
149979
200531
206207
1131
197795
200535
200543
230099
25403
53403
23267
161119
161115
25507
149983
198923
23259
23283
196015
23659
2504
25395
196011
51387
23595
35583
23279
25491
63
215683
35579
213135
25483
25487
204188
194364
132159
25460
148815
25420
44124
101156
83492
153423
206236
23364
44127
194367
25396
258372
180220
25436
206239
83503
16463
23580
203092
25428
28596
23436
24236
24767
25388
23268
25412
25476
23276
25772
152911
621
25773
24501
23285
200205
24189
205597
23589
25445
196639
16479
25413
23629
17485
73293
205919
25421
212821
63061
212831
26719
198159
25381
206366
23366
23375
79
23278
25454
23734
23390
132127
99686
131151
82086
131087
25430
24998
25438
194206
163774
82094
132143
29414
208886
132255
30446
210078
208894
24151
186335
201175
30447
49135
25447
25383
23335
1151
25391
24191
24055
25415
26295
148511
169055
23327
218663
25135
23303
197967
196943
24216
1152
24064
24152
25432
24192
201838
23308
24204
201548
204012
25392
131391
204000
35008
143679
204088
202047
25384
203356
201551
143272
24233
136527
192607
25097
251693
1133
209183
200673
23453
70593
25457
197631
24849
25377
25405
23281
25402
82374
208922
196470
25150
25378
82382
196478
200798
23450
25442
22030
253842
53466
197791
182018
175487
51610
194158
202254
79114
81858
23306
23406
205087
197727
197983
25411
24207
25459
25227
25443
24139
24851
25407
35635
203740
23508
198047
25372
104932
25404
181567
197663
35580
25356
197052
25444
25484
1071
24829
25429
104589
203629
25461
25637
26373
30815
18047
18527
212829
202501
54
29494
149710
23478
25478
159167
163775
202143
148927
183478
23758
132287
25374
23574
132191
23631
197167
24719
1135
206031
23319
24927
0
65631
4097
95
4096
31
201503
1060
1068
100
201484
49
106
108
1030
9
93
111
116
73567
71007
25
17590
23743
50
1086
34
17
1072
1087
1084
1076
109
1027
126
74207
127
101
125
98
17599
23374
89
1110
124
1118
17445
1119
1100
1103
26717
29
1028
208029
131091
1069
1061
1057
1085
21297
1122
1134
1215
1210
1214
1201
23357
24671
23349
1121
1125
1023
35037
35021
156703
200790
207998
207994
199752
196623
1124
107
1095
200975
1088
1098
23263
1092
25181
16477
24052
22015
17535
24063
4263
28135
24006
28141
28128
28143
28140
28139
28132
26095
999939
28156
28159
28158
21982
201487
28129
17519
17903
28142
17455
510
110
1031
1120
1148
26383
24015
17862
28133
24014
23992
17775
19951
26381
17711
1
24060
1149
17871
26111
24030
511
46
17663
25865
70
17679
28157
17689
200968
24669
1099
1093
1109
16446
1101
132443
25437
58
23277
23284
196682
198834
198846
198847
218921
1132
23269
1116
1145
201162
10333
25379
1117
1140
17135
196799
199789
198838
194679
194687
182399
149855
166015
255
1037
152927
25474
25364
132447
1036
81
21326
17124
52
197450
1040
204959
211234
190591
180351
198062
163967
147551
133247
147807
201525
201533
43
199080
201535
60
196671
62
1108
30880
23960
35
17012
203738
8287
86
195053
195041
195307
11
42
16660
25375
204956
17140
48
192492
208031
201485
27
1111
25367
24879
32
28767
194932
194940
182655
132115
766
65553
13
25408
8285
16996
23270
192940
131455
197741
36
19
10
157019
196616
21231
199917
623
196879
17119
25462
25423
16733
1065
53
895
201582
197743
1073
10335
21215
25471
122
196687
117
23382
209203
201598
201599
201087
200815
196991
218927
164223
178559
197711
188897
131183
25967
17878
17758
17734
26093
17487
25871
186495
42479
196927
201021
197945
194941
131111
147583
132393
147483
206768
195709
202158
181375
187519
193852
196988
197935
195711
131128
169087
131113
206681
206685
209215
197929
131099
190444
199772
251709
198447
201583
41
131375
190847
166271
196655
194943
189932
195323
186751
209207
208667
208671
206111
196989
202614
16997
19188
4
200668
206623
206687
202246
132626
197919
197373
200159
200671
3
213311
205083
193663
164991
164989
131105
205595
195773
202255
198111
197855
200669
196990
132412
200476
206301
206780
211590
142463
148607
132409
189567
251695
169279
206303
196951
196959
211846
211870
211854
205711
214186
198727
211855
198735
132123
199055
196751
196767
209294
197250
198751
196703
198743
131075
204943
196742
211871
251705
193661
196891
181373
173183
136511
191615
33
134271
140415
9311
209807
147803
148507
205198
196622
197674
197263
197006
197007
197254
131078
183423
214319
140319
132927
211591
211598
131083
205199
196750
131074
206271
204207
185471
132153
131082
197023
207759
131114
211343
2
156699
207247
82242
204827
209691
150655
251711
189565
44125
206175
199071
202895
17919
18
17647
28155
24022
17887
17478
17417
17474
1033
17606
17791
205446
198063
218943
191613
194785
194813
201500
199320
199324
31087
31103
197736
25486
199514
213218
31080
16751
383
367
194789
131219
209806
140315
206772
197951
148605
218937
203940
197792
197022
131086
197519
209295
205454
207758
132207
57
197808
198441
92
197262
132256
205710
148495
201903
197807
198457
196649
201888
132138
211342
201103
207246
156797
132137
214329
42076
132257
20
132221
203948
136319
214847
206783
16447
131080
21830
21958
19918
26399
131129
131232
203949
218425
197664
206173
167039
203951
132128
9308
207007
197695
196640
131104
197679
207494
211358
132144
131079
205214
214335
203950
88
209822
196679
80
131631
206782
103972
103980
199756
32184
103983
202258
203294
194797
194815
201184
34798
199688
199692
199327
197279
199711
199694
34814
218679
199326
197647
197823
212166
197839
197854
212190
132175
199774
209587
209599
205503
204044
131359
204047
209591
212174
197311
197903
132383
203978
218671
199695
201188
34287
164079
200814
131263
13823
196760
200374
198335
200382
214831
209190
201023
218409
131117
174463
204824
196898
197439
204222
198074
195045
201071
218415
147471
131106
149851
131130
199097
202174
196719
131247
139647
24053
17886
17870
131096
6
21966
21967
28151
77
575
26397
214313
199791
195049
198832
156411
214841
214825
131116
131195
205855
199016
199020
199039
206832
206844
197673
206836
181439
198006
132198
194365
202623
200479
71213
71215
66607
103996
103999
132271
199775
201790
191679
195775
201791
214063
34799
199693
196911
212175
201997
204063
201999
212191
30944
209595
132367
131343
201196
201199
188799
132399
211246
131098
199084
131835
205119
195055
8303
132142
147487
147935
147475
147547
206015
197806
149887
180607
199759
49151
196975
192993
211247
188543
174207
178303
131439
180719
131567
131248
195069
164335
197759
206847
195071
206335
170367
194942
25489
203214
1077
199979
199999
199983
47103
131107
161087
24062
19919
82
1025
28765
148777
132098
199021
209115
65679
209119
187284
187295
218581
203944
214367
201792
201486
199233
199245
104597
199237
101060
199042
199046
101068
101071
213439
201730
101087
197183
201806
201796
201804
201807
82386
199247
82258
199263
59
21236
24945
25493
14431
16543
18525
26
201690
213827
213327
213831
213839
147503
131072
201821
213055
206846
205023
198175
187293
218591
148831
218589
201822
201820
197199
65604
199054
199070
101084
65743
177279
196768
65615
101069
131120
68175
66271
205951
213295
147519
189631
213039
140479
193727
132272
202622
199903
203966
131185
16
148499
70703
33903
210127
202015
208095
208078
131311
194799
33919
199708
197646
196654
166269
189935
200383
47087
202170
56
170111
99
103
638
4262
30757
26393
55
24637
25881
29525
22007
29533
29528
1067
29535
24061
254
1049
132398
131369
131131
156991
203967
156863
199967
65583
67119
203964
132114
197151
208159
201007
204060
201407
204046
173247
196718
139695
206110
199096
196783
197658
46591
131386
167037
203952
65809
17271
25458
203615
206621
206109
51
44126
16415
32248
25503
25499
24847
17151
1082
215529
215533
215407
213487
215551
215535
25490
25426
25435
25502
196698
203743
203727
16932
213994
213999
201440
201470
213359
213103
213998
214014
197197
131224
133
104591
17471
19967
17915
17673
103982
103981
132205
215549
201452
104605
65669
5
202259
98445
197486
197503
156783
131118
28
218925
189756
215423
197215
195708
251656
147743
190959
213375
213119
82371
199261
156799
66623
168319
197790
132126
196974
188911
24
17901
19950
17695
201455
197231
201823
131115
98437
81923
131197
147775
204958
98447
100509
203295
189629
148671
201889
132156
205918
205914
192943
200767
198831
196798
190844
199773
104940
213026
213230
196642
195311
251657
201086
200156
42079
202270
199023
179327
213222
200415
132285
213234
70719
67135
103997
179391
208079
213231
131385
213246
206047
132151
193725
197729
196632
1289
19949
131132
190836
131122
196920
196921
147931
214829
196910
176895
44
198078
132219
165055
66606
206781
156988
174319
208094
204045
131384
131231
190703
131444
191211
199100
196658
196664
141793
180591
158747
200831
201070
218431
557
19910
8281
195327
213090
157036
40
185469
177983
213106
213042
213247
210126
34047
34815
34159
149631
205850
131370
147490
196714
143788
200158
200670
196722
197838
206030
204061
205499
164095
196902
141439
132921
197048
198046
196669
182767
26091
16511
197662
164207
205090
192941
148588
175231
197802
8
199807
194431
201855
194418
190845
147839
185727
132467
147951
213219
191980
131169
104943
198623
200477
190701
205903
198015
166127
197918
197869
198058
206234
197934
1090
17759
894
16393
193007
132204
102
24613
17911
25887
17423
30751
30782
30847
30765
23547
16445
20831
198146
197150
182527
210143
8447
205103
172415
148716
202271
103998
197650
196637
214575
131090
196905
140413
197930
46447
131180
196650
157164
139692
193855
204831
196706
204991
34031
198815
197050
198079
196925
174575
197750
172463
131102
147739
132122
202159
156780
198108
161596
131388
131193
202111
99887
144889
66626
164212
131134
39
1083
17515
9241
131500
205106
196665
196641
132139
132210
196479
131186
131181
14335
213226
65892
29039
31100
31084
20863
22895
204004
31126
4101
1206
19180
23312
23299
23330
16418
23315
16627
21263
21274
1205
1183
29055
25448
23295
16420
209507
148828
24943
31085
24941
205411
26991
209519
205423
200478
1599
202102
131327
203982
131182
211238
202175
17781
721411
22
21974
17433
25711
16450
25647
131170
190957
209523
196643
12
197219
196707
131187
198162
131133
209535
158847
161084
205439
209511
199871
181740
132157
218941
131425
8315
131380
46575
178657
192493
131839
132172
160895
22013
1305
132527
76
156031
131109
197179
190945
209515
199758
197852
67717
206845
205427
133503
149791
132538
139775
209202
198463
202031
131171
180705
196711
131695
132140
131112
66
204899
196723
201198
214583
190717
197644
190846
202025
197922
207150
131407
16671
23742
17598
123
197247
192879
1583
148850
71231
192895
165247
197235
147759
131372
188788
104941
205887
197726
33887
204062
132303
131172
209199
164222
131707
197724
197245
177277
131158
132319
196705
720899
1350
131423
192495
148594
139619
197634
197710
132150
182511
75202
176556
8284
193906
196467
181630
1327
131121
207139
199423
319
145
132209
131123
141695
132522
189183
172527
65602
17494
102884
209186
189179
161599
34543
197299
197645
1403
737795
38
131428
145215
209475
197737
205854
131242
201327
183421
188901
196790
131514
148793
65693
102533
182653
18799
31101
303
136287
17430
1038
153439
201839
639
24872
24830
17439
108452
148559
203887
108460
108476
65572
75183
201444
74916
136271
102543
107967
75199
107951
146559
66740
65588
201059
198334
47099
108461
107684
201263
213071
213343
108463
162941
65599
75172
108468
75188
559
107956
214015
197359
16719
1029
74927
107940
197651
107949
75684
66724
213871
201805
66751
65568
108479
201343
9327
213503
206268
139617
108462
213423
132610
132627
200375
150559
213995
66980
152703
213855
17909
201496
131615
65700
197822
197375
74932
213183
176481
192639
164221
213615
66735
65685
199199
197675
132286
148975
197906
75695
131177
75711
108477
131179
197213
66596
201471
206235
132395
1366
82259
74943
65716
71839
21
65551
197696
82178
213583
82003
143
23311
1198
14
19183
17141
213221
201832
24959
196645
213229
198059
213029
201812
213237
202537
132394
139745
201453
202243
131125
196709
199198
147493
4111
524291
4109
196661
149599
148783
131561
197720
131110
37
213093
148799
199325
197814
132410
132129
65554
119
1079
23551
17247
28015
999427
197735
104942
132160
103988
182652
175229
213245
201501
167
1407
25983
1362
197635
213109
131262
149
213102
197787
132526
213157
133311
196651
132130
21839
81987
166255
197914
132282
197678
132414
209211
205091
191227
131295
183487
22005
524803
1359
201996
251688
172799
156415
147567
132214
140604
147489
132542
167103
34303
205102
9279
66639
132235
27007
31134
23310
24877
45
25409
25424
197471
109286
98542
109294
101094
65570
109295
204223
109302
76518
109311
210142
107247
190447
65775
1147
2143
17750
299
196608
65766
74470
66287
65638
65590
65663
170239
65574
196713
9583
140314
196717
109310
65782
107238
65647
33902
75714
24623
17443
16421
30767
23711
23770
26439
191983
198043
189810
66294
73958
65650
199887
66278
135551
767
205094
197223
201846
66303
101119
1279
172159
131553
164321
140607
106735
76543
74479
74486
182525
218631
196653
166270
16710
22004
25839
129
65791
198042
133615
131178
213743
147535
197946
17773
131374
213358
132382
198326
65634
65541
65762
76534
65654
213087
200735
4479
16711
30864
16726
16454
104948
25449
25425
1146
1081
244
206951
153436
204919
204903
206959
204911
206967
135295
197690
215405
213870
71813
206975
204927
201247
202154
131191
196727
173181
23731
23683
17855
23986
1167
23735
30533
30541
30029
1066
30559
30557
26351
30463
23917
22349
22351
1389
30543
21855
25933
18159
26367
23919
21869
1263
18255
21871
301
30031
1663
16749
21837
22367
17741
365
1357
22365
18031
1375
1385
1321
1391
1775
589827
30532
353
23929
17503
21881
17693
30462
1311
21343
351
4447
16495
202041
204915
132154
67117
17727
213289
196647
46571
196906
140031
81922
159
203327
196659
1295
19823
25727
201448
102549
82243
200988
18815
204014
20575
102911
25433
16729
204136
196968
197992
22911
197999
204140
202104
204141
148591
201469
202088
131448
204152
132217
197659
202095
131432
132392
198008
132456
204143
132463
202110
24150
23605
24159
23613
26179
26183
18014
26191
18015
26207
26107
4271
27902
24051
27903
17999
22102
18006
24120
4110
30732
23606
23883
23681
23757
1052
4260
43017
43021
23705
43023
30735
26639
1046
23603
23602
26637
40969
8223
8207
1075
16399
40991
43037
24591
10255
23615
43039
17459
18447
23607
20495
40975
21555
22543
2063
18463
8201
25963
8217
43033
8221
19926
23685
23693
17551
17231
160893
13679
213887
144703
144700
131176
214333
132110
204142
204159
186863
204156
164603
131368
196904
159215
168063
131361
81986
17917
197038
156129
31135
19199
21279
16650
100836
1064
25497
1058
215977
213417
215997
215981
213935
215999
213545
215983
194366
22623
213033
215993
213929
213945
213049
213167
213177
213437
201468
66252
213433
196922
213161
42495
247593
1331
23774
1074
1078
26447
24188
17567
17532
22111
28098
28102
28110
28111
27967
999938
24007
28126
25919
1343
28109
26105
32199
23718
23697
17779
17787
67
20806
26455
17751
1091
83
1047
25935
25927
1107
26167
47030
17735
34639
46518
17479
47038
25943
26318
26268
26272
26175
26322
26341
26319
47039
65205
26300
26338
26284
26302
26288
50869
63165
191039
219147
26168
26297
31997
26298
17475
33022
33874
17975
43456
26334
132439
26251
26245
23867
25792
25856
24208
17491
18063
23791
17723
30909
30910
30975
251
21823
23871
26463
18044
22143
61
26442
26458
90
25930
74
26446
22141
23786
34858
34859
34860
34863
34879
34872
34875
25951
23807
35567
35632
35633
35796
35692
35737
23790
87
26462
23802
17754
23767
23765
38593
38594
38531
38997
38456
5267
17495
1171
41130
38597
38322
38543
38381
23775
23732
17621
17516
1045
38483
38545
38510
41021
41022
41343
8575
41280
41263
41319
17731
17588
23740
23729
17593
23741
96
22140
41821
41694
41311
53086
41742
52418
23721
23715
41635
41700
42085
17583
50863
41320
17595
41647
42115
41580
17577
23725
25671
17747
25695
17579
41906
42163
41588
42037
23727
23723
42311
41736
41993
41997
42130
42071
42009
23587
48082
48211
48276
48064
9375
42143
33940
48284
62639
71
23317
54762
54315
53676
53693
21994
16831
18048
17524
23
23301
18032
16405
237360
137134
132079
173732
173748
173740
137649
132260
135473
132276
137653
131124
126609
200891
203101
133549
137135
158754
132146
23309
17482
26459
16510
18040
195475
192340
218517
218525
196954
19279
198163
156908
166651
201279
215487
191231
71212
201454
17615
2141
134269
196670
69765
215471
115
184703
132200
199870
215209
21267
16689
25417
197594
203742
16500
17125
199722
31086
199738
199726
199727
66111
199742
199743
182639
65695
68
100485
197917
197689
148719
30832
19678
17783
21727
8245
16409
17626
23777
23780
21929
17631
4270
16735
35781
32981
34732
34545
34733
34127
34548
34601
34559
32810
23976
35789
34556
137696
46116
27441
38208
38220
38274
35797
35269
34911
38990
34558
739
35541
38313
35013
34686
69
38223
70331
45518
27539
27551
34607
32991
85
34648
35791
32837
207
35805
33247
34600
34751
23781
21743
23789
98671
131627
201066
144511

--- Conjunto 2 ---
127343
1067
193171
1055
228383
31855
159791
1173
208029
29845
130277
1187
27607
24184
1141
31856
1024
225690
199515
29863
1182
1218
31862
185326
1102
223390
258470
28687
25077
1101
1198
28692
1044
29716
25772
1212
162156
1193
81193
1100
149884
29791
158060
1105
26377
1106
183234
23670
1094
186146
29782
1180
1184
24712
29884
175729
28719
1181
199301
1174
31918
124566
180717
1213
29879
1207
77607
28703
211999
28735
22983
147631
1199
239366
223182
1191
29847
240288
35848
31143
123143
258879
31185
115041
94509
152641
35898
199250
204264
129500
225624
209424
111709
35816
133392
23717
29871
171757
1048
29727
64984
29724
29695
24190
23148
28780
1130
136394
225694
166714
22919
1210
25426
101893
41453
41963
165667
62447
41260
24220
211883
62207
228271
240755
132155
1056
1054
228966
1070
29742
29743
1026
1030
21506
23702
31978
29758
29740
24195
61743
31980
143524
61740
23071
226847
239374
31
47
131359
24216
15
17535
24152
147404
189544
25064
243712
195200
31868
131151
204271
193744
204270
147400
25000
160816
64990
240300
64991
64988
243727
103480
133406
22920
240303
204268
24192
131215
218016
24156
131119
23080
24076
31860
197935
67128
23760
23775
120752
202223
209436
202344
22968
31869
226321
115045
55513
222713
31857
24785
81197
205257
27573
55517
115053
23793
24217
25359
23193
51423
205263
93537
1129
238793
59517
222511
180097
303
115055
1133
25041
173641
260889
24769
24617
147121
226333
25705
245289
173695
25433
226325
22981
147133
119009
23713
251626
171458
131087
197594
31858
186159
1138
153386
31870
251631
134666
177586
249970
1071
257487
166718
251630
23087
31982
17647
23058
25354
197598
23098
196623
24154
214767
199254
203010
26063
186158
196895
23642
23634
24066
148783
24218
23666
238434
90222
106218
218863
88274
25658
23786
25322
94318
25274
186150
249470
26058
132159
173259
211887
31979
57695
219819
199519
25395
57691
24219
25683
227131
31983
77891
1263
27563
173263
193175
220083
200591
200579
165679
197775
131231
180895
132143
77895
121371
183419
77903
351
25051
24691
250683
227135
238719
131199
90771
165671
158063
88476
102316
102268
85471
85468
179188
191119
183604
131247
26348
23708
23628
226828
22940
24236
199333
236157
1119
142293
234253
23645
130285
199029
201487
233525
66799
147503
65229
142301
224517
107613
171781
230015
91701
147823
24189
182053
236159
233533
205983
25109
180719
25701
25142
25342
25327
112670
27310
112671
260686
258478
164494
113030
196911
185327
239750
124574
197903
252862
131439
22982
1150
249398
1022
26326
206094
83103
242654
30326
147535
132111
22998
113038
176894
65567
176895
24966
30334
1023
103199
24911
239943
184199
21839
121383
195791
77615
29807
1135
109951
25439
246191
66863
24143
22959
65823
25311
27615
25295
123151
25455
140055
89711
140327
23039
129151
162591
26296
200079
151784
147407
66623
1152
31871
200992
24576
133396
197999
170824
22927
72064
210112
161960
195215
22159
1151
199720
226936
64989
67132
1136
79
93488
25087
25404
23679
23040
1503
137888
202348
132719
31861
24681
216113
27569
152653
24897
216117
55519
65903
193513
23557
175743
152645
192497
131135
25497
23761
82287
1137
47929
222717
25729
132223
237545
81199
205135
105
26381
23725
27775
125842
24738
199262
202806
94306
24562
19582
25566
72162
24802
127
196639
182735
25887
136399
202802
183238
23790
183246
139027
22995
131411
205743
25091
24539
196959
25163
25839
132175
3259
136699
24883
205231
200583
3263
209839
196655
193183
199007
209327
196703
149871
168572
50543
24524
25220
143532
139148
127724
158062
131183
191116
31981
149887
24988
191172
149116
55300
246180
621
111485
197791
23647
228957
206389
31957
147759
224525
24005
208031
216821
193949
237869
109197
107933
23173
216869
66063
142303
196767
65695
93182
108575
187662
131663
18895
124575
25478
24958
17631
239375
23007
204006
25222
24398
25702
25046
108574
24782
196943
209951
109943
64703
65583
25711
152143
25383
177447
17519
184207
181455
4108
4259
54
24052
24063
239382
49
24060
1125
17909
18
111
101
106
197894
63
28087
28095
4263
28080
28084
28091
17855
131103
28092
28093
151656
999939
26047
28081
17727
197638
0
100
125
894
110
131078
1122
1126
238854
2
1134
206086
41087
41983
239390
41279
151788
4096
1087
1060
8495
17585
1086
147496
1072
206095
1084
1085
17573
1076
1039
1027
41263
206102
41967
1068
1037
109
98
1031
239391
4097
1120
17503
1124
28085
17599
17471
24015
19903
21967
26045
26393
17689
17861
26399
206607
1127
206598
108
17791
206103
131074
206111
132367
737795
26043
17759
122
131090
1036
1132
17417
28094
21957
69
26383
46
1118
1110
1103
24191
1028
1061
1069
1057
1131
41
23721
17577
196614
1116
1040
1214
1205
1201
124
205830
197650
1215
287
1175
197634
1121
23992
31197
35983
35969
35981
150140
35973
33935
225631
74207
136550
59688
147567
1148
197890
34
1095
1099
25352
1097
95
97641
153390
1117
132394
140310
1093
25773
24743
25209
25430
1088
1092
24751
190435
131112
86435
181347
82339
35
86439
190439
86447
190447
157155
157679
82223
82351
189923
65839
131107
148591
65571
148975
157167
132131
148707
148719
156783
140387
65827
148579
82211
189935
190179
132207
190443
161349
111411
8
16392
1109
116
22935
239367
132098
1098
22917
24889
132127
206622
111423
22947
1074
50
23791
197663
16803
205839
51
419
1083
1025
1029
22975
131330
25410
16706
25531
25485
3
25450
24938
25615
24755
25625
25642
25596
16647
25684
25680
1104
25330
25007
25411
24906
206623
25445
25458
16775
25035
25414
25348
25578
25160
17580
1082
66
78655
29
25629
25694
32248
161365
16446
25582
161357
1108
319
22143
23006
18774
20822
16726
22879
23802
16735
25977
25983
25981
26055
25973
197906
17711
25974
26079
26062
25982
23070
543
131091
25978
132359
1343
135661
135649
1407
17743
23002
26056
132358
1046
22992
135665
1052
117
22993
135521
131334
131105
531
25975
131375
1049
1053
1050
91025
245049
26075
135653
132165
165768
161359
90783
135535
17
17790
24158
135663
19
24206
25879
18911
24223
17695
14
25880
24120
25844
17663
25852
25855
17976
24205
25946
25950
151807
26011
26015
26014
4111
24124
22079
24121
26004
17823
26012
24209
26013
56
22980
68
16710
18902
17807
25986
17423
25992
25989
25999
25991
25997
147695
25988
25996
22955
25987
17551
24125
4271
30
238870
33
57
22991
197647
25990
17821
24197
324
315
17983
102
17567
131094
43
17439
23553
1
17425
126
238879
132102
42
17409
24127
118
21505
1311
25743
1078
1128
1066
21742
197919
25918
24116
24213
25919
17679
21
4
25998
22997
140294
22073
23581
22068
196870
1588
23565
25907
18053
22175
24118
25911
24117
24201
22157
26112
25908
25916
25917
18057
22069
24021
24013
382
24198
200232
228968
208424
96296
30736
200200
228904
207145
227705
227625
223529
211241
206106
207112
30833
227689
207144
236970
261546
261626
30834
30832
236938
245162
227362
1183
261610
246315
246283
260651
246282
260715
254507
254571
227443
256555
17820
31275
26397
131500
162236
162220
162284
145836
131468
25995
25871
135596
141740
17733
30721
206189
228717
206156
206157
226669
212333
31841
136302
162926
136270
144494
31840
162928
146542
1359
162930
228975
228475
228974
17871
228991
228942
228971
228876
25
132375
1149
24222
1589
18069
17974
22149
197910
206614
25865
281
16811
17673
9
22
25881
131075
23004
1327
17863
1034
16854
6
17775
196610
16927
23806
16
16750
24943
17488
25453
25055
16671
25422
65855
25718
279
257233
140559
198191
147744
147756
131391
200587
200239
22941
16773
24893
22963
24544
25651
25320
24547
24437
24998
25362
25368
25663
25343
25775
25764
17572
25266
25780
21712
24556
25372
23772
86
22870
338
24115
206099
16914
23062
238862
17455
22994
26071
132118
132374
238863
132383
65554
16720
131361
22147
25854
342
20
22988
132354
24062
17919
638
17749
62
16453
25791
1349
16447
5
206082
16724
18079
16815
197654
16708
18892
17981
1295
22989
340
17806
18859
17541
24221
17977
575
206087
1593
24200
12
24204
1672
26007
17433
131095
52528
64880
52496
32112
30752
60720
32048
64816
34161
64881
48497
23977
44401
46449
32113
1147
193074
195122
59
195186
260659
260723
260626
154
1123
18061
17973
52
1059
16953
16441
17805
20923
274
1038
18884
1073
11
623
18962
1391
17487
17735
18910
16488
23764
123
32
19664
24447
1065
17616
17583
1140
22511
24559
58
153402
153406
25038
25026
25286
222417
16719
134768
52532
134782
52542
132735
134783
131104
52543
304
134780
17712
132208
134772
52540
50480
132720
288
52541
16688
131168
132192
131184
16672
131632
16703
132671
22496
252777
1111
4143
124469
510
25243
24882
24965
132399
197727
16791
131343
171828
107
1139
16399
25052
16799
16655
24974
139125
200253
200236
20879
277
22925
131115
140303
213865
25600
25612
206110
25616
383
257245
16783
230710
232758
132415
200237
200255
131126
200252
197695
198207
232766
171836
169780
131124
197679
196671
132404
131108
232767
171839
200238
169279
200254
135231
197942
136500
197951
199990
169791
131382
136511
169268
132406
171838
196902
131378
171837
40
18831
25225
252781
239383
190455
190463
148991
189951
132151
148727
199999
148735
131362
189943
140531
148983
148599
131106
132147
213359
140566
252797
18975
148779
124479
25377
25287
25063
25385
16689
22943
132154
152874
132191
257235
252783
194616
194620
194623
174143
197183
131128
188472
271
157687
157695
148607
157175
194621
132535
140351
24061
1365
99
103
4262
30775
1077
30783
18495
30571
10295
24159
23770
30781
30769
31051
31052
55
30773
29537
29541
22111
29549
29540
29565
148863
190527
132211
180280
188479
157183
252793
7
205855
25734
17414
25523
17550
147512
255609
255613
255615
222841
197753
178239
139327
222847
131193
155704
222831
198271
214137
165951
132201
194622
133183
214649
132217
30896
25487
151800
257247
257237
131331
213498
213502
196927
213503
196650
147775
213370
213290
213306
213375
214655
198265
196906
213034
213311
197759
25262
25647
25498
25279
18839
174971
174975
141691
139643
213354
131195
131455
16665
172415
131179
172411
131131
196626
16782
124477
131177
25649
25023
25050
25661
196630
241148
142203
241151
206204
140155
206207
139647
206335
206332
172923
131187
131435
198012
132479
141695
174463
131113
217961
25269
24714
24553
176253
196652
131372
176255
198015
241150
143487
205164
135295
143485
131117
131169
241149
24979
25204
24991
126654
66751
126655
131181
93887
124607
135277
83646
83647
91838
186
206599
197487
25112
16920
25588
25005
25116
48
149503
65594
148539
148543
148531
83634
91839
308
16393
65598
16431
148523
65726
74943
83122
148603
83135
132370
25542
24746
184832
184844
131584
148527
131599
184836
135695
184847
184846
184845
149499
153387
25435
24923
24253
25361
16731
148794
204545
204557
204549
204559
152079
196865
202497
131073
201985
131072
168463
168448
198401
201999
202511
147968
152064
16661
25338
25703
222419
188674
188686
197889
188678
147714
139535
202509
188687
155919
180495
139522
1145
32184
25345
25315
25620
252799
136506
511
189123
189135
22015
589827
24029
206098
180943
148175
131779
189127
148163
131791
180931
131651
131139
20871
215935
152875
213871
263
25156
25278
25332
153407
156868
148559
156879
156876
156877
132164
148548
148687
131076
132100
164559
132292
22933
25599
25595
25294
231813
231821
131077
231823
197007
131333
156878
199055
148676
199045
131461
132096
25424
24970
250246
196997
213391
250254
246150
131471
250255
24031
341
196998
196879
196869
213382
53
19909
217478
246159
16654
24944
16752
24860
25237
152879
18823
120711
116623
120719
131462
66695
83087
83847
83855
87943
83335
87431
1159
66567
83343
83079
1167
131176
24814
16623
24830
98504
65743
98508
87951
98511
65615
98510
66951
65736
246633
25556
25559
24761
16476
17247
225161
214153
222607
225165
131081
222601
223113
65551
65608
225167
196617
214415
222351
65544
214159
131153
131433
24909
25429
17010
186570
186575
184522
10
186574
197891
131146
131082
149706
131274
224655
182479
182474
147663
180431
166095
198031
147560
25003
24930
25357
25019
250751
132138
153391
214225
24875
130891
83279
130895
124751
75
164047
65871
65867
131279
96075
128847
91979
147658
91983
128843
66895
180426
91711
215919
25099
24516
25329
25103
25119
214239
132114
147212
331
131084
147213
91471
145167
94027
132364
147215
144652
145164
83275
65611
83791
131080
136460
146700
131340
20895
25308
25300
25536
181581
181583
148813
141071
144655
140556
132429
132431
135439
148815
131405
25476
24666
17851
16463
23
130766
93903
124623
66638
124622
30944
130767
83663
83662
67278
126670
67279
197167
74
126671
13
66639
207
16789
149077
24760
151791
639
1146
30591
30593
30605
30575
30597
30607
30570
30621
30623
1387
30063
22383
23917
21903
21647
1439
1423
23919
30574
21919
17773
29839
30095
22415
22431
21869
22429
18319
1033
21871
1951
30601
5263
5503
1305
13695
1389
301
18185
18303
5279
30109
18335
1289
5487
9241
9359
23929
29039
17999
21359
29551
1471
197713
16454
201039
131407
66767
116431
91854
66766
91855
83151
131403
128719
16645
24878
25418
25567
222431
225744
225759
225748
213471
196880
225756
221520
221663
213343
196944
131088
221535
205136
67
213328
196939
25670
25085
25678
25686
244689
238545
244703
244701
221648
131423
197457
205777
244693
196689
225758
196945
213456
196817
240465
131167
197599
242641
225757
132139
270
24053
206606
238878
25369
25617
25284
283
25375
25373
193362
131410
193374
185183
131409
193366
168274
131922
193375
230239
131089
131154
168799
198206
238559
205279
164178
168287
24637
25021
24719
24639
17526
68307
65539
68319
168786
185170
68311
66079
65631
68191
136031
131935
176978
25428
25194
25431
196735
196991
152890
203412
199316
199327
131220
131092
197279
203422
203420
203423
66271
197268
131732
65555
66131
201375
206594
25504
24992
25496
25516
216341
214303
214293
132373
216351
216349
148757
148767
23960
65589
24840
264
25534
24844
24847
103062
103070
103071
70294
70303
671
98975
65686
159
66207
662
1064
24880
25688
24767
16663
87767
87775
83679
66198
66591
83159
83039
1043
83671
83007
25062
25197
25623
25078
25070
136495
148798
21023
140952
140956
67167
140440
140959
140957
83167
132248
140958
132120
83551
1107
83027
132767
132255
16831
25011
24956
25206
152895
151
132121
132125
132105
17908
18837
25488
16400
25750
25492
16528
206035
213530
213534
213535
197146
196634
139135
131109
139133
132469
136575
137087
197151
136565
137077
213023
132177
25173
25198
163483
131083
131173
163487
132213
153247
161439
132251
131099
132123
149151
161435
149147
198190
140447
148635
157339
136319
131227
148639
91007
25166
25271
25339
25182
158620
25350
24869
25131
25358
24007
18207
206615
190045
197481
82997
25716
24796
140319
196985
252510
24942
25557
24825
131350
120415
25451
25454
207149
131679
158108
158623
252511
147615
205103
200607
207165
207151
132763
66655
198543
207167
158111
131096
248414
205119
196627
148063
131100
215647
200595
132189
157343
198559
132701
190047
205101
149087
198047
157277
147868
159391
131678
87647
148062
83
131674
197214
150428
150431
147871
131165
197215
215646
198547
149916
131162
197651
66651
197779
132703
1115
19967
17887
131137
248415
1631
149085
198303
158621
83547
25363
25221
192288
196751
148768
192300
131360
181536
157279
213599
192303
192292
121
23609
895
23613
29567
131145
131150
156960
213598
189728
147612
131228
191776
219742
16709
156060
192301
135331
255972
186279
219921
179600
177758
177754
179615
131120
214116
179612
134781
255980
255983
132144
219935
177759
219933
197743
215839
144799
179614
179604
222703
132511
219925
214255
255460
144784
223204
214500
131172
222692
197732
139567
255982
205117
255981
198959
213279
196611
197988
139583
213791
198019
169567
140703
198531
1047
197895
173471
197635
214511
36
223215
196739
198035
65553
177567
132128
177552
165279
132496
205924
147487
184703
193396
193407
204847
131444
131188
135540
574
185204
197763
193404
193405
168820
131696
131956
136287
164223
134256
165264
147729
132355
17477
173456
131428
197407
213265
196625
185215
131967
135551
213777
139311
1045
21983
325
136063
194068
194076
132116
196881
131345
132628
165396
194079
185887
194078
197393
153108
189972
169492
132704
179613
194077
136799
132639
169375
217873
215313
185876
239796
239804
239807
204991
204980
239805
196788
21973
21959
144991
131263
131344
131252
196799
207028
239806
207039
131079
213460
213468
207113
213470
213332
196628
16469
239378
140290
1285
136607
144479
222516
222524
222527
214335
132388
214324
17877
16575
197940
22095
18015
26679
17515
26685
27
206143
215825
197924
131871
254
215327
222525
138836
136798
131487
138844
132180
198975
136788
138846
136276
217887
138847
132692
132103
196886
85
131156
131140
140688
175476
175487
140660
175484
142708
196755
173439
173428
175485
140671
16699
19919
132468
23734
91
172948
163999
172956
655363
21981
172959
164255
172191
32056
172436
172447
172180
165471
830
132368
172957
131476
25631
169055
163988
139412
109748
74932
109756
66740
76980
109759
107700
109757
65727
109758
65588
38
205846
191
65716
65
25659
73908
132112
65599
175508
140436
175516
175517
173460
175519
327
132500
175518
23742
147743
140692
198287
252863
132677
236990
236974
236991
236975
198063
185822
206147
234943
2690
120860
133967
131163
235611
133526
196125
182665
132543
209950
169226
120031
157195
140192
140205
198079
235615
131212
174988
167521
82637
186466
85262
85263
57315
55279
198863
192356
179408
195237
173905
114918
187666
187670
132527
234927
202159
132362
140204
167533
82186
57319
192364
133535
182669
186478
157199
55267
132176
114926
230831
131503
202175
140207
132705
192367
132304
140625
132287
82639
57327
231519
234942
206159
169231
81935
195247
181534
232879
131519
2702
2703
133451
165327
133534
131101
182671
132447
196815
28
148847
173917
132271
81948
173909
206083
206151
230847
131759
234926
82150
179412
191855
240051
201759
230846
204223
131170
140196
132363
181789
169230
132107
164517
116767
131097
131337
165343
132575
175004
186470
240063
148754
139296
132526
82511
130613
132099
136458
83215
189807
133963
173840
173844
200067
173855
173852
173343
87263
140575
240055
149003
102584
132126
204207
120863
141087
186479
130621
164895
66613
132319
173328
140560
167535
79675
238015
132122
230830
141072
173854
102588
173264
132433
140860
175007
131379
187678
132156
65564
147849
1051
182383
75071
155647
179420
255422
140304
165713
165717
165725
173279
83519
165727
116764
222467
79298
198078
153599
130623
165201
222479
165215
65802
177375
131123
179423
196678
81997
69816
230853
83996
131142
222654
125576
83210
179399
131122
184
197711
198062
78930
66642
78942
78934
179407
78943
196127
147855
1090
125583
175005
136559
51787
82575
47434
766
230863
51791
125580
82063
70798
136558
223629
45386
74847
74834
66626
197668
155135
70815
16971
131338
141471
255423
168081
16975
196432
79679
102591
198085
223631
79310
107539
132432
107543
74771
132140
168095
107551
74783
196877
79311
132414
92815
169043
66579
165063
66719
19019
169047
33103
196445
173255
196436
70814
82568
197946
131222
161814
47438
168093
131390
221581
132161
140863
197977
218457
330
164564
164572
164575
131807
214367
164574
131668
196686
214287
64732
161822
196444
335
230861
207283
135327
207295
214463
136275
164436
65720
131796
66882
197955
92
132421
218461
197055
133151
141282
190421
148703
190429
190431
189919
64735
132181
149461
197967
148949
185680
132303
140383
131157
189663
148575
148831
48356
75086
196447
62687
148565
189909
232878
132117
45391
140399
168085
148693
132179
212775
44260
65679
212783
131093
185823
188652
188648
194399
148821
210735
141294
211307
1252
79302
152726
132246
152734
148630
177351
152735
147478
211311
131304
196903
153595
132242
188655
121966
213997
52444
117871
140782
196687
148638
47439
141286
60639
185586
30449
30453
121967
140783
197902
16751
367
30463
151790
22004
205163
188653
185599
210727
18161
198807
99447
198815
162870
168831
196759
132295
185598
66687
48367
216185
192120
192124
157727
132391
131217
214143
46319
185590
216189
131152
189180
196631
96635
192127
30461
141295
131311
99455
162878
218463
96639
213097
149535
221583
208127
132202
247678
140514
228056
196696
228060
213720
24
219871
62684
223960
228063
115822
189181
141343
131136
207583
131160
52738
1247
131196
220865
220877
213727
189183
196866
221912
223967
210223
156726
52751
247679
228062
65919
48364
162879
130116
213592
148585
214751
197336
131327
130126
230703
30968
197343
52742
132441
214399
57625
57629
117870
192711
66679
24863
57631
205951
16386
8479
148220
164039
130127
50690
24857
173834
192719
216191
130124
199811
131271
65915
214394
66628
17922
216769
139405
173838
152831
149112
177626
177630
214721
132570
17723
132146
177631
144858
206079
131192
140655
213101
197755
139463
92543
118419
132442
213037
155880
26
66671
299
149119
123983
131143
83054
132378
186453
214129
168143
177498
164212
123355
123359
91544
65883
186461
90587
156415
91548
232895
52750
91551
104795
65819
83055
188654
90463
104799
85663
132150
90591
174620
65803
235231
181790
166431
181490
118423
149022
173322
213084
131164
213087
72
93263
137059
137063
53794
83091
173839
196684
214593
82303
66707
174623
220895
76
53806
220893
83603
132262
139174
137071
99429
118431
559
53798
136358
53807
131213
206015
180988
65612
189182
186920
71015
103783
132638
139277
132106
213080
156125
149023
174621
139407
147805
202463
156127
131357
139182
66661
147807
291
147933
186927
155999
186924
188459
195882
103791
64
133205
131421
136614
155997
16943
131085
83352
132733
188463
195886
221214
221215
200942
225005
193834
200111
196846
131631
213022
65562
222957
155752
198363
137135
132195
99437
71023
155695
99407
227569
200958
132454
121712
225007
91550
186463
181791
136547
196638
196719
83023
102747
1032
182357
546
196863
147839
141066
168159
121716
163935
135391
210483
227583
131295
117631
66840
197039
210487
368
159018
187574
121724
135263
140554
168031
132278
121727
147551
112
359
165295
200959
208569
84336
102304
81
82079
102317
155887
66976
187583
66992
223473
195887
131121
227581
66991
65568
261500
66592
66736
102319
66735
102308
99439
208573
210495
102320
16439
30587
1611
151804
21519
9231
22413
30111
26479
30079
13471
30093
9225
21901
365
21887
26687
879
4110
12399
228732
213039
102318
65584
100256
99759
100271
99744
67488
202306
101792
187582
136367
347
144545
144557
44
191786
144559
132129
206387
202310
140465
144549
135206
202319
149018
132257
140449
133956
222588
136303
222959
139307
144561
140935
208575
98651
193406
223487
257407
129928
206521
132231
541187
148958
115583
93579
115599
212578
206450
212590
148008
212582
140943
198195
198255
65928
172572
210543
212591
196642
206447
93583
198242
208495
257404
182030
131186
132162
76429
197730
65663
148750
76431
210530
212594
21039
132194
66927
215281
355
82815
233234
88913
202318
129932
148015
196706
73743
129935
227573
49367
84351
230674
182031
140431
103382
110755
110767
233246
65699
110771
133965
88925
163
261503
106671
49375
73903
110759
77999
141977
223832
141981
133711
132687
131144
133966
106659
65711
110763
73891
132239
167068
168475
223836
49247
73907
213233
168479
132227
175
133964
84879
165407
139929
144916
131185
170783
213150
248478
57764
57775
131138
292
57772
261501
141983
103391
88917
420
57773
165023
135711
202174
57780
232894
131110
160610
173153
117647
132476
65935
173165
215710
102870
167071
65622
233247
248479
148751
436
24996
82824
136484
133455
160623
173181
66189
16820
84817
228735
110181
110189
252071
110191
160622
110197
74381
197823
65637
37
65547
74351
17781
74853
252079
75365
133444
125839
123946
123950
136492
200479
73829
75375
65647
65653
65807
125832
135455
135707
108143
91117
223839
88927
74863
247983
168735
173183
44070
103390
42022
44078
9263
44086
44079
167070
140415
9254
42031
213159
173157
247975
1062
91178
1843
204222
181518
1855
82029
1331
82031
8239
140385
83339
231861
17479
123791
131239
131611
1075
205927
205935
65581
1016
152431
205943
213151
197045
1847
91119
131951
65569
125563
125567
65887
139804
197735
120
149262
132199
231869
209212
160614
16479
215711
197751
1020
197747
138047
111102
143727
231871
106878
215640
140968
132136
140972
140456
144259
132264
55682
136724
140973
140975
55686
4109
17853
129933
132252
213663
111103
140563
9663
99286
30800
140463
231046
255621
149012
140984
140328
132152
90824
135567
227463
135999
55694
131147
192809
192813
90991
131369
66127
176425
135471
123784
161099
165898
314
192815
161103
176431
90828
255629
297
143657
144271
54542
160041
137535
227471
90989
54558
131388
231054
135465
135555
160047
133130
165902
143663
124881
197766
198160
17717
131346
196775
74127
214661
92113
1294
131385
109199
82559
178090
91183
178095
178094
131114
177594
248851
131387
33167
209213
65577
177578
178106
248863
177583
198172
107151
135487
55695
215215
82518
198164
165903
74110
124893
214047
136623
209215
124895
58457
58461
140335
67727
144815
131381
144263
216491
216495
54559
214447
386
214035
200127
214443
126620
197765
65854
223367
197907
58463
73741
126621
216095
65677
216507
214319
90831
82555
124885
214459
82526
131207
132446
219234
131371
65635
156
132427
66191
131436
168300
82632
168303
131384
230628
132115
168301
168316
197860
91016
135532
198175
1021
248855
131368
82527
100199
25689
144015
143491
215151
91804
219246
219238
91615
143341
140397
100207
215138
83100
143357
143747
255631
213160
132230
163850
142829
17678
213167

--- Conjunto 3 ---
102567
230763
102575
86550
207539
125679
131183
141420
228398
102591
133817
65599
129709
15
68908
217590
215661
192295
65727
47
65583
63
133823
131119
102583
175
141423
117503
217598
207551
125695
65711
98495
82607
98479
141421
191
133821
196991
139375
197679
213375
84735
217586
196671
129711
217471
129725
228399
131263
65663
131135
69807
131775
131391
92927
82559
196927
125613
207547
222255
115375
214063
125615
115455
224303
213311
31
74415
66223
66863
86558
207543
123565
117423
86559
65839
66079
196799
68911
90799
82463
205503
65567
141228
149998
147823
132399
189743
149871
69823
147503
149999
213374
147951
213503
68909
231612
148783
157481
132143
156973
156975
82671
82063
140719
54
558
153356
153359
332
320
556
335
334
330
132111
299
3135
312
323
3
7
152847
303
258
319
3015
300
132127
294
302
49
2993
118382
86156
51584
4925
293
351
153372
301
65673
317
131087
141633
1462
35
5631
1470
5387
5403
1458
5429
5391
86159
1295
152860
1457
4600
285
287
118383
3023
223462
153368
227558
153357
148767
19
67
3039
326
321
318
131072
132271
220463
196833
108936
157487
157485
123567
147567
82462
213615
214319
218415
90797
225277
225269
215663
127677
147759
225279
214527
224767
197935
226351
131375
222463
196719
62
60
152844
79
324
152856
559
140460
132104
148751
148760
132367
316
132383
5018
132120
157371
148671
327
5455
5448
5421
5436
5632
153375
131084
4734
148508
2503
227566
230896
230911
65791
90815
198015
222719
198143
230900
115373
217407
66175
217599
66239
149615
230908
129360
229492
2
6
14
1
13
0
95
33
557
333
325
342
349
283
1087
572
284
16
339
152863
136463
42
148495
168142
4739
132096
109758
148748
168143
5380
168138
5388
132140
5081
131096
2527
219185
229503
196735
82159
219189
219197
66303
543
148527
125631
125629
214271
123581
220431
214143
107119
197695
229500
133311
215103
74367
107135
213055
73839
127
74351
141231
112763
197759
112767
111
230909
65647
131199
108671
106623
229501
66159
73855
196733
132479
230910
132223
196847
348
148764
140716
177
2997
3001
16641
4893
134775
131107
131080
207
331
5033
41
5093
4613
5648
5037
5249
196845
271
196642
152600
4885
159986
219199
147647
157872
157887
157884
157876
149695
159990
159998
82175
157886
157885
82687
115371
131327
132376
350
32
3007
57
17
149276
141647
131103
153373
5157
1061
5143
259
132360
44
181107
8
180607
66111
149694
115439
147583
159999
181119
223231
151807
153923
78711
78719
65919
181111
147711
132159
110719
78207
153358
51596
108940
1471
5201
4496
4661
11
74121
153374
188724
188732
188735
147839
191094
1343
132128
4857
4649
5107
4861
309
310
221414
129973
129981
191102
191103
92415
75903
111665
81967
111677
182911
82543
111679
172351
66623
100479
129983
111669
65983
123839
82367
133759
115647
147775
231357
111673
180543
197823
74815
198079
82095
74623
231359
78911
155967
230847
132287
82879
188733
107583
82479
74111
99391
198077
198591
107581
78909
66621
141503
66095
196705
5001
5248
5021
131105
5007
1122
118398
205030
154550
154559
92911
100700
154558
147519
117487
141951
182910
125887
74813
139583
131455
197821
136476
132132
3005
16769
5494
4799
1074
5560
34
136472
238647
231615
164479
76031
238655
147903
84223
230845
115135
131711
65775
82031
230591
149631
90863
141229
27
149263
132108
157375
1536
4626
4997
132380
58
3031
90616
90620
9279
205887
174264
82431
107710
152607
5124
4959
131106
223478
1083
175549
175545
90623
173503
174268
152511
175551
131519
174269
198844
190259
190271
190263
574
30
181567
132543
132415
174271
156991
189759
140735
140607
1071
112191
67135
157503
148799
90879
32943
82495
79423
75327
103999
48
5567
5557
5564
71
23
148504
251194
251198
172223
98989
251199
90621
65855
82239
71231
148543
81983
229502
82303
51585
5111
5089
5119
4223
87
196646
46
173243
173247
218431
214335
197951
98431
190267
174270
164031
247103
139455
65935
575
51599
148667
108941
5088
5286
83066
82047
169404
169407
149306
131104
132112
131274
4751
163914
148761
1040
4976
4617
4979
4980
83567
975
132124
150269
169405
149311
146741
144701
146749
149310
144703
150271
146751
98927
136639
86145
140479
65679
148095
86157
86149
82061
136511
148542
65551
140605
148798
148031
148223
53
185
196641
4499
5570
5566
4503
83054
136479
68926
125264
66879
68927
150143
132413
455
4325
5526
5562
4159
39231
65677
108943
136383
163967
132364
4510
5499
5207
5203
4574
5215
74120
83582
1111
227567
2119
131083
153352
189632
132303
189636
148687
189647
189644
231676
2895
5529
4697
65594
83071
131088
132099
251009
132239
231679
1039
231677
251021
133440
196863
111927
111935
180351
79167
150142
166527
214159
150019
150031
251013
150023
132175
131599
214157
107839
66
65544
197775
37183
75071
251023
180863
147471
231678
147983
196837
140463
4728
5358
5188
4735
4732
1153
152840
56
132107
107906
109649
189646
33087
107918
66287
107919
133247
75151
107910
218255
198911
84719
66959
166079
82056
140335
141637
4948
4180
4808
4947
2135
145475
139343
131151
1167
145487
81951
75150
102535
145479
132377
4348
346
124
4801
4349
83583
5022
322
43148
43140
139327
123262
85615
131146
5277
5269
5051
5085
83055
200197
200205
66575
200207
143
66703
43151
163065
123263
163069
148735
158975
161023
156927
165573
41103
165583
165071
163071
165581
32911
132351
198159
198157
90495
43149
165455
16657
134783
5098
5180
4478
5102
106
4138
148488
171014
196623
171022
152831
108095
171023
158973
143439
43150
132110
135247
197647
148733
132815
168975
61
131089
5224
5048
2255
196706
131091
192583
192591
163919
176207
164879
184399
132173
8335
161021
34959
98351
5309
1030
5393
65800
2263
2127
207112
207119
207116
205071
207117
132687
238784
238796
132191
148496
2481
5189
5261
4437
5197
186633
238815
197727
186637
186639
206047
180303
238788
180493
230843
197855
182543
131343
238799
184591
147727
130695
130703
196879
126607
83599
67215
83087
75407
168974
164878
124559
5
1391
27673
128655
116367
136207
198927
267
152857
148744
5083
5068
5087
2767
148511
168586
131215
172111
238812
168590
168591
131727
164111
147725
164495
12
16783
4961
4881
4306
132123
147723
229631
238797
238814
238813
5214
1114
5464
5151
1119
106895
347
55
190860
147855
180623
190863
135311
4271
174658
190861
174662
131075
16768
1461
4473
313
4593
4962
4477
4953
4409
64461
131167
166494
174670
190862
16847
174687
64463
228157
213823
213309
224061
213821
228159
128265
91407
128269
221503
166495
66831
172639
174686
91405
66829
174678
222015
128271
164447
224063
133726
83215
95503
165983
24
5394
5305
5100
1310
5407
573
85614
136220
221582
222013
221583
197007
213391
163935
123647
76543
65903
95501
226109
164446
82057
149279
4768
4717
43
114831
115071
67839
68351
63951
131679
33231
133727
123631
221501
164943
383
197439
49615
124173
131100
5009
4837
4241
4127
155856
147679
155871
196925
58319
64324
155870
967
5518
10
1215
5519
130733
242833
155868
242837
242845
226111
131295
75023
154815
64332
155860
33631
242847
150719
197791
152767
155869
47455
156235
156239
242832
148047
205199
33119
147535
56159
49537
5071
4929
275
166558
166546
45
1067
40
1407
26234
27677
27287
27295
17433
3572
278
17439
64351
53599
64348
52063
60253
129372
166550
206031
166559
197711
197839
164511
132121
141645
4834
4858
4863
5435
4850
4846
196726
50
1059
125971
115743
117791
125983
238798
64349
82975
66591
140367
132255
131663
131231
238751
227582
130132
130140
125975
130143
205983
66655
123999
230607
258310
258334
199
5179
4956
26
4952
4493
4820
75
4447
146197
131359
233758
146205
115807
93215
196894
144385
258318
144389
144397
126047
144157
144399
146207
136205
91167
168397
168399
136223
74783
168271
258335
140303
205903
1055
144413
135183
131405
130142
131407
164175
168269
135455
118415
36
49553
4814
4356
4602
223471
122582
116447
122590
250142
83679
229663
99423
143647
196895
144159
130141
164430
164431
174671
166479
122591
116446
132109
4266
4434
4927
4270
4282
29143
29151
20959
132125
213278
118495
135503
117855
16735
4630
5052
4436
22
1058
91228
91224
139551
83167
166478
124175
203144
4733
4721
1202
4874
83566
196838
4145
106713
91229
203165
106717
215871
203167
197023
106719
196655
203148
66783
165967
169155
169167
201117
73951
169159
169183
197020
91231
172623
16863
136399
83039
147151
145103
203164
141007
131662
479
169175
203149
172622
25055
447
2495
4703
98
168474
140495
168478
196639
168479
131150
65631
164383
201119
131615
132361
26239
1066
25587
25758
17567
1151
3681
1137
25759
1183
26238
3709
1649
3693
3697
18042
18047
3568
17535
1661
1532
3576
1535
17530
1663
113
17566
25599
1027
25524
25591
286
135199
73823
64334
33103
63823
52047
56143
64333
135711
49487
64335
131108
169039
82060
5559
51
1029
5565
249691
249695
214367
91230
132319
136271
33615
247647
65759
136415
53583
16719
54095
73759
216927
247135
199069
49999
136287
144591
203166
249183
65582
132275
132352
4555
4804
4659
4862
4854
65807
128732
124639
35151
128735
128733
55631
51535
229450
136911
229470
463
131082
5495
5433
4383
134685
229454
132639
120543
153669
131165
153677
147533
148575
153685
66078
196703
155345
155349
155357
149215
149581
62285
153679
153311
149583
229455
134687
153693
52046
155359
216415
132831
148703
147551
147549
62287
214879
153695
149597
59727
132637
29
1469
4431
4828
57310
54751
60239
57311
214111
56140
50655
51167
55263
56142
67295
258319
229471
196702
254222
246031
250127
241935
136204
4949
4966
4460
136460
4957
145631
151631
254223
196878
221455
221454
143583
133213
213262
213263
229647
4954
4836
4830
4190
4958
146528
146532
144495
146540
110220
65586
5331
4950
4479
5335
85630
2511
210925
146543
210913
210415
217359
132207
202095
75421
210917
153309
110471
109983
139487
110236
107935
110479
110495
66719
246030
197743
108447
250126
171859
132447
210927
171871
171863
169823
169311
75423
74895
136543
159
107679
74911
146542
110221
109967
65695
169055
146541
51600
4389
4275
4847
126562
126574
165215
66975
140399
210921
126566
110237
206191
149277
3708
149260
1644
277
3707
1660
3986
3990
38
1145
43050
3711
279
19464
19288
19380
19471
19316
19169
41002
19135
18815
17007
264
3716
3719
268
19388
12045
19468
19128
19484
18612
646
17423
87746
76776
33096
35263
17146
71040
71055
12103
38959
38953
33004
43054
10298
19327
31633
31645
16447
18559
3547
3537
3510
3718
3549
43055
41023
38957
19395
19407
16463
8239
43066
8255
3966
68036
8234
19063
36608
3551
34063
19457
34590
4
18623
19461
19469
19715
19614
19610
1024
19477
19665
17421
31637
19324
21
16511
33023
527
94905
17279
16607
19399
18911
19423
16399
33020
16789
36620
19406
36622
36639
34048
36612
19682
19694
19686
17458
19830
1296
16479
272
18895
16431
36624
19325
36623
19485
36096
17790
19897
36636
32956
17634
19698
34064
24776
19500
19503
19516
34575
18655
16456
19336
19340
19356
17667
19292
34647
19303
33470
33464
17039
19301
17455
36112
36163
19404
32018
35650
18511
88970
19183
19481
19704
35662
19623
29219
19987
16415
19805
19999
19885
19873
19877
19807
17759
24725
19763
36167
24732
33283
33295
33287
19901
17855
35663
1375
32850
33602
35654
82
17839
19668
47168
13643
34115
47172
36175
32232
19927
36878
33931
33935
19727
19976
19459
34898
33951
24726
24735
2114
33932
3541
19394
18527
19126
19422
19398
19299
3715
16767
34560
654
19374
16575
24718
19315
19767
19371
26456
26460
26458
19832
18271
26463
1376
26459
26462
26515
1417
1010176
26527
1009953
1010464
1010468
16483
19304
19361
1301
36621
36894
35666
41026
13647
13663
29231
17471
19711
19806
3545
19653
33007
34563
32808
3727
36638
19487
16943
1489
109653
210287
108191
108431
203151
205935
67231
110239
201103
201101
5588
5556
131099
250607
250595
66671
203150
197231
246511
199055
124527
250599
206319
116335
108188
126575
52
4860
4377
4414
74127
140332
130532
66927
130540
118255
99471
124399
117518
201102
4767
148492
5596
5404
5598
85631
256165
213743
131247
75167
83439
117534
256173
67055
75679
217545
131471
217551
131423
213471
213327
217549
217565
217423
213343
68223
217437
91759
196943
217421
196687
168533
168543
116207
168541
135263
213325
215215
130541
197359
196959
256175
126447
213455
84767
84766
247983
65823
130543
91247
135775
131695
5572
83050
250598
153927
217839
131631
84255
128495
250606
223407
256133
196686
213167
5101
5097
4484
5278
170983
82719
170991
196783
367
117535
168943
130542
223405
217439
314
5049
4410
4415
131110
54440
82207
17583
164079
168431
154780
54444
162960
4495
5535
68137
68141
54447
5295
162964
68143
1199
217567
113739
107615
66639
113759
113743
170479
107599
170071
111695
162972
74831
170079
168175
168031
156831
162975
68105
54445
148639
74847
54446
164335
149087
148637
9
4441
4491
4405
66687
58986
58991
58990
50351
18031
1135
32959
50799
17519
110223
107663
111711
108175
168047
5420
65672
5452
5471
230827
198063
230831
132155
2247
4502
4498
5544
4382
108937
68652
77199
132527
66607
109647
150686
171359
1103
81298
75166
49536
4743
74943
5376
1330
5430
5426
2271
218605
214383
81310
66847
116621
1053
116111
68655
83343
26223
116109
81302
116125
83341
218607
83357
83085
81933
83613
83103
61789
83853
61785
61791
37215
214511
110222
41311
197999
132463
45407
5432
83
4381
228078
228079
79262
68653
215791
83855
116623
49503
116637
82191
84751
117519
115471
114959
84239
81935
5439
1331
229231
66974
117007
83101
66846
227183
79263
83359
222575
223087
115855
57695
2239
5569
5583
251504
251508
214655
82959
251516
218751
223983
112916
168014
441
219249
219261
106783
219263
112925
213119
121679
219253
65871
82255
112927
251519
82767
112924
117583
121695
215167
115535
198271
81999
74479
62299
132735
251518
62303
54111
82703
251517
117006
115023
84815
132268
91
5005
196710
128754
65615
128766
82271
102687
74015
128767
82783
65887
65821
115551
106781
124671
82190
83711
98591
41823
67327
74013
66815
110879
120575
128758
37727
3670
338
3627
3643
3669
3679
3671
3631
1631
1579
1406
1427
25087
13359
1439
13351
13348
131120
25766
25828
25836
3677
1377
999938
25839
17663
25774
3626
25791
26158
25790
25775
17582
17599
25763
140732
25701
25727
25838
17647
3630
1578
1109
1621
13357
11818
25824
16564
25854
25855
3165
1117
25852
24639
74
13375
5167
3678
18
84303
119631
162974
959
5398
5141
5474
5406
1298
221683
116479
221687
124670
50015
221695
17247
158878
152735
102685
158879
148638
863
108831
83199
160927
150687
119647
5231
5415
239604
154783
45919
239615
239613
162973
221567
117599
154782
136150
239612
340
5236
1056
5247
213222
194621
194613
239103
182335
119135
75007
136030
140447
194623
99407
180287
197887
139741
139729
139743
131392
139615
172095
156830
139733
160926
95999
110365
75039
136158
110367
139359
206079
163903
239614
108319
107807
139295
109855
4999
4487
5147
215279
154166
135774
205951
108317
131166
131102
165951
133695
154174
114815
154175
139613
81311
4413
5120
5550
86158
244727
244735
238591
190527
152127
139279
150079
131647
238079
136031
49551
5304
4886
213231
206200
206207
206204
197119
139357
77215
164248
164252
2751
153119
5161
4960
1069
5183
140328
181881
149119
181885
115991
115987
115999
83231
164253
206205
1311
181887
148607
164255
156191
229759
164127
147999
229887
147487
1314
5568
5563
251258
251262
251263
214399
237951
17695
218495
240127
106780
148591
266
51598
5116
5108
5222
5359
172859
172863
131487
112926
164254
175484
173439
100639
216858
175487
5010
4575
5202
156029
156031
214303
216862
214047
115221
115229
216863
115231
214302
148269
148271
148257
247167
213023
88911
175485
165247
82461
140671
4691
4506
4303
101630
148261
8479
147757
135391
136159
148015
65665
141649
4364
4876
5561
133183
135646
135647
73967
101631
5069
4173
5006
4656
166156
166144
166148
214815
135390
135903
166159
156956
131174
251087
251073
251085
246991
142743
140703
132511
148765
214223
142751
156957
156959
135902
135262
99583
251077
68863
140319
135519
153935
136355
136367
136359
107805
75549
4719
4707
4290
5251
104386
103887
70734
104399
104398
140575
132381
218319
166158
103503
4789
4856
1075
118275
104390
118279
118287
85519
83471
4670
4403
4833
2143
98116

--- Conjunto 4 ---

