16384
1000000
Quant grupos: 5
Media quant grupos: 1729.25
--- Conjunto 0 ---
7881
138
68
127
139
130
101
6138
147
100
309
15348
142
133
114
144
0
46
16116
124
16144
72
73
109
1003
126
1007
66
16148
8036
81
75
16277
16130
16273
16147
6139
15917
8032
16262
6136
16256
8727
8099
16231
69
1016
15522
1014
16232
15474
16253
16220
15498
132
16263
16255
16261
16221
993
8726
994
2194
16254
310
15880
16065
128
82
129
92
1
140
71
208
6547
8680
16120
16068
116
16064
39
1338
15690
233
308
15996
15663
148
1021
15997
15150
15866
15500
15665
212
1011
15540
12297
15610
8725
15548
15402
78
16370
14049
9204
11490
15399
15398
193
152
295
234
157
306
298
76
93
141
13762
8130
12062
8518
79
1012
37
16278
16222
4095
106
16227
16239
255999
16225
36
3234
6294
12363
2533
5173
8404
16276
15463
137
16245
2702
7885
16258
16241
16242
1008
16257
14640
16368
6137
2513
145
16073
1001
13642
186
290
16226
11267
4419
7339
131
3395
6140
16108
13909
15981
13557
6142
6638
199
15671
14223
999
16240
67
16237
108
107
122
123
260
103
121
110
8724
10940
118
16233
16236
15795
70
15065
6545
10835
8606
5530
302
1000
16248
16118
16200
14215

--- Conjunto 1 ---
263
20439
6046
285
50386
296
7171
295
304
52246
6017
275
48549
51051
261
6111
303
40403
282
273
51172
293
316
62922
34677
298
4397
4389
18516
300
6054
50560
52934
7703
5817
52180
50827
59603
7769
49404
8722
7179
8752
6366
15923
7780
49860
284
50884
50273
39687
51659
26145
291
7183
51557
7463
52083
299
12977
7467
262
7431
50476
50836
6047
49116
281
5823
38355
276
6352
7175
7447
18263
18551
6179
49855
18391
23671
264
6332
40599
40941
38449
267
5862
256
51167
24535
255
50970
51559
287
6574
50984
51238
47346
35918
50479
6894
36947
32775
35919
5824
50370
6350
50839
4483
5826
4191
50837
50971
6824
10359
49671
34082
4251
5818
52422
49183
49407
5866
49223
36735
46316
5828
18519
34258
48148
35288
52423
5830
6016
32779
6348
49863
3
11
36734
5836
49405
51886
50171
6110
49735
6368
33103
6594
26
34259
51887
4107
50930
6208
20592
5816
5904
52247
53530
33055
53432
6355
8650
32791
6039
6038
6514
53946
259
6231
6166
6019
51175
5837
45407
5852
32783
37215
51173
33027
50931
5399
33119
6598
4923
51223
4435
6354
6599
49280
5848
48538
32799
52935
51550
49442
6048
37494
50132
51551
49448
50133
50135
57524
13350
40279
40278
6376
37495
49730
5814
5820
49003
5914
626
49002
12846
5898
8895
5819
6372
15
53920
8894
53283
6370
6371
51047
48591
33039
6365
37203
11031
25289
20873
5841
6349
64593
45055
6359
20875
4115
5895
50773
6357
7149
5859
6059
6191
6347
6353
6369
6443
38227
155
6125
5821
50051
51399
5897
6361
49159
4119
5907
4371
18323
51479
53205
15765
53207
6679
49539
6345
51591
5843
19
6363
5933
5847
33031
24921
32787
20521
32771
6249
48551
40943
20523
33035
7353
52221
33063
7611
52519
52223
6037
46583
50293
12283
5833
6013
6573
37127
42263
5831
54665
6283
5825
49491
49235
288
6358
50459
5827
6051
50387
51003
32847
51000
51022
50511
6346
35818
6058
34131
48151
6274
62923
283
52295
50168
5863
17648
6364
6212
6344
6351
20593
52230
49117
6287
20595
49119
50199
6360
5507
63460
13366
49447
45504
43871
12902
48539
50563
19778
20464
5851
51271
49431
49495
6306
6034
8908
50935
5877
49511
6343
26233
45391
49415
6339
49263
6207
26147
50907
6409
6593
4511
4631
50625
13
7373
37427
5869
39791
50535
37231
45869
5939
33071
5893
33047
49291
51507
5829
0
16407
1024
23
7
50375
265
25
50371
12
27
257
2
29
17751
6
5935
271
8
4
268
269
31
24
4399
22
277
279
4361
52007
32772
5324
280
302
5839
6167
8759
8755
39175
50197
51999
51998
49938
49155
50243
272
274
5815
6295
5503
4383
6015
1065
7033
6001
7035
7032
7034
6523
249984
7039
5495
4379
4475
4363
127
6595
6003
4465
5998
4443
4987
4427
4467
6527
6007
4415
6466
17
4419
4422
50242
4111
33110
14
49170
49708
49711
54730
286
50290
2583
4283
49199
49947
49709
48669
48671
45599
37463
41503
63
38231
6341
33111
20
5331
4281
49362
260
51239
52808
47647
45087
49515
40991
36887
33311
36951
50381
50383
10
49770
49167
7720
5990
4253
50934
2071
21
48763
48760
48826
4165
4285
48123
6219
7191
48733
48735
45663
33028
191
16388
4249
48235
32863
49435
9
39254
49154
5307
49979
49219
4279
4183
266
223
50395
5303
6367
30
49171
5845
52300
50399
50271
50203
49247
54731
41055
44639
49427
47224
32795
6491
4469
4439
4433
6467
46623
10619
49231
50255
49486
32777
36895
33098
36870
51692
48927
50539
45343
46879
48463
49483
32782
42271
32778
51670
51671
52303
49482
32774
47611
49943
62927
49611
32843
47711
41567
49163
47483
48830
46687
52301
52166
52167
51527
50653
4797
1
50167
51655
50561
33156
49479
49343
50039
53327
51270
48415
41247
32776
51398
48943
49527
49463
50119
51575
51695
52897
35615
37151
33102
47391
42319
49237
49239
52961
52967
52963
51427
53546
49681
49683
33030
49763
49187
49191
52323
49312
49687
49175
49685
32768
51235
49185
62926
49222
43295
34127
47903
33567
35103
2327
52451
36950
37126
51299
49418
49315
49251
49313
32769
45855
53579
35079
33231
52899
32770
51567
46367
33038
49255
51939
52835
39174
51811
20560
51206
37663
51543
49767
50723
4479
4411
7038
6005
4471
4369
4354
4368
258
4401
4447
51361
54735
48696
48703
49830
49831
7771
7775
49434
49878
53304
7770
4187
95
91
48697
32804
35078
51693
49487
54734
50985
49379
51363
33051
49452
49610
33064
37123
50475
49451
49614
49162
50472
33034
50275
39199
53582
10519
5
50987
34079
53711
5457
5489
4979
32808
54606
49416
41759
33032
51751
49423
49160
49419
51873
52839
33036
51303
53583
52455
49169
32907
25993
25995
49939
8046
50564
50823
48699
50296
8699
49922
49923
49319
49927
8703
54669
49411
49455
53041
49459
53047
33043
52396
52399
51375
51011
32839
52397
53043
49327
49475
33095
50994
54667
50297
8571
41019
32815
3455
49190
50093
49583
50095
53707
52297
54602
43615
49224
49359
51055
49518
48761
50267
54603
36867
37462
49774
50543
49179
32811
34911
5491
7037
143
53578
48762
39102
53710
53706
32798
51463
49754
49755
49759
51708
51711
51709
45359
49501
33049
50655
17803
16651
25999
33067
50447
47919
53515
49227
50499
51015
7736
52398
33091
32835
50299
47199
33099
52811
49771
32958
51279
2075
36871
36983
36868
36886
51503
37471
45151
12287
49243
48248
47135
43551
44575
32859
45179
32891
32812
48767
41083
49439
51583
42591
50803
49994
49999
49995
11775
40271
37194
33024
52278
16419
52279
46821
46823
54645
50986
53591
50448
49808
49811
26149
49809
25265
49760
49761
25267
53359
50432
25271
49295
50451
50449
20596
20564
49815
5309
6236
6373
3607
4135
50422
53456
53331
53457
53459
36875
50455
53263
51255
49543
54647
37207
49299
16401
16435
44319
49192
16403
32780
17043
16567
51487
53323
36879
47407
53259
35119
48431
33068
49975
50991
32796
37124
17675
8475
52531
50503
52023
52019
32827
8479
11771
50542
42527
159
7689
6159
6470
7381
5501
7383
7382
32842
39247
39215
49991
16395
16779
49287
52039
50251
50351
43311
34923
49195
49414
11647
32846
50988
16452
4317
50903
4103
8062
6375
6374
6211
4287
270
53882
53883
53851
53371
53887
6356
49174
4233
53498
53499
50360
50367
53339
53275
53503
32806
33
4367
4991
4478
4418
50363
26151
16417
24611
49371
49375
39195
47439
53855
49303
62914
36935
47739
53343
53279
16655
42079
47227
4423
49307
24609
20480
36943
25127
37167
51478
50191
49707
26235
53256
53307
48827
50567
44831
53305
50103
53308
17679
16783
44847
53311
51511
33037
49432
49158
322
47709
49230
36982
44223
49519
33054
41263
43579
32807
47675
32861
47802
49775
49164
49166
35448
45147
39686
50207
54607
139
4977
2070
48831
53272
39259
44495
53276
53260
8511
8539
37407
51462
36872
49178
35947
49180
51374
41023
49225
35359
33230
49262
45691
6522
4127
41051
51272
37147
43807
49450
49951
48607
50463
48604
36959
46431
33116
36987
47995
32792
49655
51475
49503
41531
49467
49514
51558
4098
48251
6153
4477
6471
4355
7687
7695
7711
7691
5886
5207
49536
45631
52535
2111
51275
43103
37179
49412
53643
49226
11611
39291
51207
49176
51247
8507
49703
43643
49437
43115
36934
40399
50527
24971
36222
16656
41053
4378
2310
32875
51276
33052
3583
53306
16473
7259
5215
5723
51001
7781
1025
301
4795
5832
4104
4156
5315
5318
7263
6362
4105
52376
6235
51352
6747
52379
51355
399
50525
32831
50995
52809
4445
180352
5493
4358
6427
4112
6411
52380
49304
49540
52383
39711
51359
52377
49967
45435
32856
2078
32845
11643
44664
32959
40223
326
33131
39007
49294
47736
52378
16929
51356
33375
37447
33134
34943
49615
50507
45176
49177
32923
16
51224
53645
47679
50506
49480
51787
32851
4167
49311
48219
395
37212
17807
48223
41311
49308
36939
47197
51471
8471
33075
32793
52299
32926
32789
33079
180224
337
32855
37148
34904
49408
45627
18800
44139
48476
331
51784
79
36
35423
33130
47295
43131
16400
4373
25721
52296
47294
8635
49324
350
184448
32857
36303
52368
32810
50331
47225
49197
32878
37198
16423
25633
4699
75
34071
4357
38359
6218
4359
27113
37139
27115
27119
16393
18795
50361
18729
34067
25635
26991
18799
26987
36639
16685
16397
50264
11774
26921
50315
53267
53335
40735
16399
18793
27117
18797
26989
49339
4179
18731
26985
18921
16681
53467
16687
16392
50335
2331
53375
53355
33152
37639
16745
38175
53463
50374
32903
16425
18733
53295
44120
48159
53403
16683
16421
49799
37243
49476
18923
32794
18927
16649
341
18735
16429
17959
16387
49424
20544
53395
20500
35
50458
6239
49161
53257
50453
53309
50634
34936
32781
36873
1027
131072
49165
37399
37195
32890
49430
53273
37199
49453
5887
4311
7003
249856
49433
33040
25997
41
351
6495
340
53277
37
49446
53289
33327
5459
20496
41563
49478
33070
52302
47806
32823
45871
131200
339
43199
39103
36891
33053
35151
33135
41775
8575
2319
16659
33058
6751
7783
49367
27321
24635
27323
25273
27325
19129
27327
26811
16443
535
4437
74
49152
16441
18617
16571
16409
16415
42559
2395
16445
26809
16411
18928
6155
4360
5927
5942
6609
49510
47452
16573
18489
16412
49971
16569
33887
51273
49305
50461
16575
25279
319
43039
32888
41080
26683
19135
18619
18621
54657
4177
6459
32
16447
33403
53435
36883
49581
16408
16385
16440
19133
16413
53271
50183
1119
7716
4181
4113
26237
61
51737
51229
51225
51739
51227
51741
33823
49422
17953
51743
51231
50311
50538
32797
49181
5932
5920
4463
5996
7633
7635
7507
7639
6587
7615
5979
5587
347
5463
6483
4539
6591
5467
315
4563
415
5591
4507
343
346
330
443
147456
88
5982
4375
5470
327
5335
87
1111
4123
50510
51228
4431
53322
11642
35007
39
50831
323
4955
6431
50362
25637
50247
4703
5143
25727
4182
51034
49242
49498
5727
49499
51035
50526
50522
32862
51038
50523
32858
49502
33114
33115
5901
5903
6544
6545
4503
6547
6551
6526
1067
6975
6012
4499
5525
4501
6030
7683
5970
10754
10755
5926
6659
5900
10242
2055
2051
4099
10247
10759
6147
2563
4364
4611
5123
10243
5388
5635
515
4615
2050
6490
2054
10758
4981
5921
5923
4387
4307
3419
53471
36175
51039
46715
41150
39803
42015
32840
49259
39032
4799
5319
4162
25209
53994
53354
53999
53995
53483
53386
5655
53258
53998
53482
53486
53262
53291
53294
16563
53358
53290
10623
61898
332
5943
6611
4391
5527
7024
7025
7027
6991
7031
6479
335
8049
5929
5924
4444
4446
5201
6613
6481
6541
11757
8659
11629
11759
6485
6579
6567
6568
6543
6580
6585
16301
6575
6584
6571
6572
12717
15791
47759
54786
6542
7999
8255
8468
4493
10864
6583
33109
6562
6561
5966
6448
6464
6052
4372
4515
5947
4430
7727
7743
62
5455
5967
6615
5535
6610
6614
6482
18
5946
8714
8715
8719
8718
6487
5951
8891
8949
8923
8934
5950
4438
5941
9648
9632
9749
9614
1316
292
10282
9649
9580
9635
9595
4405
9620
9636
9627
10255
10335
2143
10320
10315
10329
4432
4398
10455
10423
10327
13271
10435
13104
5930
5928
10408
10425
10521
4395
12715
10330
10411
10528
10395
4394
5931
6417
4436
6423
10476
10540
10397
10509
10577
10434
10498
10499
10532
10517
10502
5896
12020
12052
12069
12016
2343
10535
8485
12071
15659
13690
13578
13419
13423
5498
4207
4512
4381
4508
4101
59340
34283
33019
43433
43437
43435
34412
33065
33868
33069
34413
31652
50222
50775
33387
39688
4370
4510
48868
48085
54629
54631
49238
4819
39227
41662
50319
53871
47807
4403
17441
53867
28
46175
33050
53802
5316
4172
49398
4125
49930
49934
49931
16527
49935
45659
25121
7708
4919
5431
2061
4102
4406
5944
5945
5482
4407
8945
8245
8683
8636
8531
8637
8639
8202
5994
8947
34424
11529
6860
9552
9555
9568
8817
8727
9747
184
8885
9578
8753
8671
17582
11379
6884
6887
8651
8247
8662
8209
51
8951
8311
8687
5435
24667
32906
50266
36127

--- Conjunto 2 ---
31835
266
48292
263
57095
7963
39947
293
52007
7461
32569
296
6901
6046
285
7964
256
56422
49878
7465
295
304
7965
46331
275
55847
64617
7171
6269
299
7173
261
7429
6443
303
40539
298
20298
37471
7447
39515
276
6594
45808
5917
273
46536
7445
6178
7471
43932
7179
49825
7979
31141
45179
7469
301
19401
7175
52999
7183
5745
36907
59841
55795
297
60072
8962
7785
30785
64719
7796
28760
23627
38160
8974
49812
51066
32375
56406
52356
27927
8954
33348
5929
7467
42939
262
7431
16246
7423
6047
5787
7195
282
34098
56423
41678
5729
302
6356
25473
10363
10490
41416
15611
10315
6055
52970
15551
57067
60188
33038
264
57241
267
7435
257
5376
5925
7994
7439
6048
15435
7995
35881
5767
56711
59843
7
11
32839
6054
3
4383
6038
36851
47386
6266
60928
48800
7967
32787
51067
48436
36850
6250
40204
16247
60075
60931
25870
33351
5730
32803
54504
6039
32779
5770
6019
49483
16782
5940
5943
30188
50555
52359
50586
5742
56580
28761
13878
55678
6196
20299
51314
6893
13879
28763
5948
6339
5798
12855
51315
23384
59698
14879
55627
45024
75
283
6260
43410
65222
6192
6154
36780
56583
6426
61322
43423
6358
56581
36783
29752
5928
62906
42864
32771
49398
46539
284
38346
62907
33666
44396
62492
64371
41679
5771
4411
5764
6338
49399
5774
49155
53691
49813
50752
6515
49223
5910
5908
6016
37195
5916
59608
22555
26554
54715
22068
6414
5946
6330
23579
6318
46537
62367
6514
33039
43314
52971
14423
54954
49879
6348
14422
6420
56782
19472
315
6890
43315
48293
55020
50147
50144
41419
49443
32807
45223
33035
19473
30342
45854
19475
87
6262
6172
62670
56783
59679
32799
22692
41417
22119
25579
25567
21367
44797
47779
45901
32811
6587
5927
5907
56707
5735
6059
49833
59039
279
35573
58563
5911
32571
49757
50371
58381
16699
36875
16307
35575
56129
26903
42945
57503
22925
36955
45513
58383
51495
6277
6425
6285
6335
6331
28167
6827
65171
64619
41123
28257
49227
59937
31143
49475
63215
32859
287
62349
255
6581
51523
20775
60663
7581
36883
33027
5749
28259
44223
16391
6241
7583
25799
6227
59985
46049
5459
30345
48947
19403
7451
27487
6359
61547
16715
6035
5739
16455
6327
6903
6323
30787
6363
35013
22427
35081
5759
32287
40647
6574
50019
37946
16655
288
50248
6144
33349
49499
42706
5731
18016
52528
40490
48803
5539
49930
56734
16783
19
23372
6271
6351
5919
5760
375
34472
50587
33179
6170
54028
6892
38163
6224
54029
16475
48378
5889
43935
38161
48124
32783
6374
20571
11982
55679
6432
33055
59386
51283
26
6595
5931
6943
31460
6184
49815
50701
23576
6140
4895
6391
18040
6200
31
49159
45683
6471
34099
50700
45809
5947
45811
34756
5748
32852
51435
6272
6134
49239
6290
6459
33043
814
34174
6220
51307
50145
815
52459
49163
48295
49751
52331
49175
37467
42143
12635
6131
6305
35883
34787
31931
32795
6247
47793
37279
13825
61545
155
27871
49447
57239
51597
7989
36939
56131
6001
54205
48487
59467
27299
26983
5793
54217
16515
49191
16423
23295
27143
46915
32915
4723
6369
6239
4407
5751
51001
6099
6261
6195
49235
52487
27485
16175
16395
6427
38035
6345
44361
4379
46051
45363
1027
1064
13
6013
6015
59845
12
281
4477
4
27
25
49473
15
7021
7023
1065
7020
7022
4463
32775
37914
249984
6511
4431
49409
0
223
32769
280
59713
51521
10271
10495
59847
10319
37947
1024
271
265
2123
4396
36874
268
4393
269
259
51525
10491
24
4375
4399
4367
6003
4975
5491
6598
4422
4465
6599
51651
51649
4447
32768
51527
33091
184448
6510
4439
30
32772
4354
5489
17
277
10
5930
4394
49153
260
300
51457
49412
71
49408
5998
7799
8995
8992
37535
8993
8483
56407
18551
34137
14922
36891
49472
8
274
23
24410
38347
33098
35077
6185
6302
6357
272
6187
47608
32778
21608
45336
20584
21609
47609
21611
47611
39288
39419
20555
20587
47480
16459
32776
37147
16392
37243
39291
33032
37176
37179
39195
35096
16456
37144
20552
47483
47544
33051
47610
40337
27852
2
4098
29
5733
33024
6222
33031
51655
27855
5736
49415
4200
51459
104
270
5743
32832
6352
4176
6382
6371
6362
6234
6403
6188
6406
6410
6399
4161
6421
6332
6251
6226
6361
6364
4193
6258
6353
6337
6394
4395
16
19663
6407
6423
8062
40341
4111
6395
40339
79
5535
4693
5205
4181
5719
5950
4183
6494
6495
6513
6493
49476
4427
6519
135
33089
335
33915
33912
351
4435
5750
33916
33880
32833
132
32843
22756
61262
6518
33913
33041
41442
22695
33883
6051
6469
4727
4423
6470
6030
6461
4415
6463
4494
6486
6487
37951
6502
6503
6031
5519
6501
4455
6052
14
4177
4725
4451
6496
4355
6498
6497
6499
36923
5738
4387
1067
59717
5747
49411
6049
81
78
4495
4391
32773
4359
5888
4356
59719
33025
4352
327
6435
5435
49479
6479
6029
6053
4419
5
1
35073
5518
5895
5517
49217
397
5891
6476
4513
5543
6477
6050
6528
4514
6005
95
50058
57242
52106
24074
7684
50050
57226
51786
56926
56906
55882
52810
51526
51778
7708
56922
59242
65386
65406
59234
61290
56840
65402
61578
61570
65162
65178
63626
63642
56860
64138
7818
32875
40559
40555
40571
36459
32867
6467
33899
35435
4433
7680
51547
57179
51539
56667
53083
7960
34075
40731
34067
36123
40732
36635
339
57243
57118
4467
57247
57235
57219
6
33093
4517
4493
5537
49477
51653
6466
70
4202
4418
331
258
4213
4443
49152
4231
5951
4187
6235
4372
6263
4167
6355
16463
6429
69
64308
35139
49547
36936
32847
50146
50059
6223
5740
6136
6412
6109
6249
6340
6342
6415
6441
6316
6445
5428
6139
6343
21
5717
84
6028
51524
4228
5765
59715
4363
6517
33029
33095
16388
4180
32840
5536
85
33088
4479
159
4437
4113
6447
337
51520
4519
4203
49413
323
4714
4385
143
398
418
4358
13132
16220
13124
8028
7688
15180
8012
16204
8540
12124
5994
11100
11612
286
48268
48780
48796
65164
65180
65156
38
4515
4238
4110
5230
68
4721
4740
347
4371
4122
5941
4916
6111
4404
5627
38350
38351
6259
6256
6321
55604
4179
33692
13133
33695
13135
33183
76
4428
33052
33693
12620
33180
72
4172
32792
33048
32796
4168
32908
4175
33167
5624
63194
1035
31117
127
6310
33099
49431
4197
32835
42957
4099
4199
4163
6243
34781
50063
5219
35075
53466
6400
6404
64311
4195
57677
58189
33103
32781
49423
49551
58191
42959
42445
49419
49167
33101
32777
42319
33807
49485
34125
49487
49997
42447
32845
34127
42317
49225
32844
4707
6306
63195
47613
47615
37247
47487
33037
37181
49999
37183
47485
35132
37245
37149
33036
53339
35141
63199
4743
37194
31119
6344
6265
6346
38218
33047
48654
48655
43535
49295
32782
47118
67
39421
39423
37151
39293
33133
35087
341
7693
7695
4623
7642
2573
5942
7692
7762
7763
7384
7385
5527
7387
7391
37215
47631
45070
47119
39295
63198
51463
6433
4353
6380
36878
63902
63903
55710
49438
44559
34831
55711
32798
38926
55707
49567
53534
41487
33050
33295
53662
33054
7724
37950
64309
53374
53375
49231
49162
36943
53342
53322
53326
53343
53663
49566
49226
53258
53327
49439
6315
6411
6319
4709
43742
43743
35422
34910
53338
32863
4166
43103
32794
43102
49156
6255
49157
60287
35550
51551
35038
34911
51583
43230
32858
49503
33119
35423
43615
54490
6317
6138
44063
35871
51291
33823
6244
6301
31663
16687
23471
31151
33819
20911
22959
46
49371
6278
4230
6397
6279
37375
16398
37134
37135
37132
20908
77
16399
4107
37130
16431
18735
20780
37150
20783
33092
6385
6186
46208
46211
32896
37131
32899
46209
33923
37374
6230
6063
4182
37198
51136
51139
51137
38019
49216
50624
50496
42115
42112
49600
50499
50627
36992
38016
4165
6334
47168
47171
47169
36928
34883
38979
45123
34880
8046
6336
6328
6405
34126
47280
47283
5503
147456
6007
45235
37043
32944
47281
37040
32947
45232
32912
32784
5217
53983
53467
65
6289
6333
39217
37139
39219
37137
37171
41139
33073
6398
57953
57955
49251
49763
37169
49761
32865
6242
62561
49249
53347
62563
61537
49219
53345
4977
54369
61539
6236
4188
6215
6309
38219
4705
30177
29155
30179
16673
20771
20961
20963
21985
20833
21857
289
16641
20835
20769
291
6203
4155
6207
24626
16435
24627
21987
16403
16737
16434
61658
6389
6190
4119
4311
56290
53538
55651
56291
32770
55650
55778
16387
16402
49154
53603
55587
16386
53539
32788
4252
46642
46643
46130
32786
37426
32818
56163
45619
45618
36915
45107
41523
49507
36890
6232
6254
62687
33034
53556
6218
32722
20819
32723
31187
18
41011
16467
16466
32819
24018
32211
22994
36914
22995
32210
16723
45106
22927
53979
6274
6129
6275
53559
33028
36803
82
22867
36291
23506
36163
20818
20947
34115
36675
5223
6325
6384
45395
37203
35267
33107
33859
32851
6166
4462
4115
32691
23475
31155
16659
7736
20915
16819
31667
49291
51
37269
7647
7648
7651
7643
7649
7655
346
7515
5595
5979
5475
5411
359
355
5479
7459
7523
5603
5607
5467
4579
487
7650
1315
1375
326
3423
4546
4575
1319
7527
4583
322
1371
2310
2339
5982
7259
4499
5339
367
49428
50259
16691
29107
22963
20787
32850
32179
6219
6354
55607
56436
56439
56437
53367
49220
55380
55415
53335
49236
55383
51284
53332
49234
6417
6419
61172
59636
61175
55412
32855
49364
51444
61173
49172
53364
49204
60116
32791
60660
48340
48343
46295
48341
42068
32980
57559
42199
59639
51319
41044
42071
6159
6179
4381
17076
16384
17079
42196
46292
17077
16519
16407
17047
34007
32983
44244
6298
49183
49247
38222
50853
49829
49831
32805
49319
50855
16567
49317
32933
16532
50343
51648
6376
6248
6379
54085
53575
53573
54087
37189
37191
5990
16397
6210
66
6383
6211
25765
25767
17573
17575
167
24743
16421
39
16551
165
6422
6191
21941
21943
20919
16549
16647
20789
20759
20917
20751
6299
6267
34123
37199
5255
35238
35239
16791
35110
20791
33062
33030
20887
20756
33191
33063
4207
6252
38223
37
33026
6372
4100
6437
6373
4132
51508
53382
53383
49286
49158
34783
33117
34143
34271
49287
34141
34269
53255
33044
6293
40870
32793
40871
33053
38311
40359
32774
37287
40358
37286
35111
37158
39334
34079
32806
37159
22751
6291
6295
39655
6217
6282
4551
47511
49370
20749
6199
35079
49246
63127
6206
32837
30103
51787
32919
39527
36903
51275
50151
51791
33190
16663
49635
62103
51279
37015
53911
50148
39335
49639
33175
37271
49511
39319
36967
39847
21911
20
32918
49303
37607
49636
37479
32790
16662
49444
278
4991
4471
407
49575
20886
48072
49187
37192
48075
45384
53399
48073
5902
5903
39240
47432
47944
54935
39015
33832
63993
46569
54980
44900
44439
44438
44903
32780
53529
63995
54983
49435
53959
36199
44901
55675
33127
54981
53563
63865
36196
55801
53625
55673
49433
34891
49739
53319
49497
34895
53447
49504
42391
35175
49632
43367
53627
9
55803
49184
49508
44391
44388
41319
33124
51481
36871
46175
48349
48351
51211
32861
32797
33885
46301
49440
42205
32924
32989
34071
41055
33564
41316
36932
4369
43364
32857
49351
53316
46303
32991
33887
53444
34827
5495
34015
48517
48519
32836
33157
41349
46471
49348
38277
47493
42373
33176
34199
33159
42343
54468
53828
46469
59949
59951
51247
51245
49197
5493
36247
32815
32813
49199
51757
51759
53365
53333
4117
59844
35072
321
34151
36119
55629
55631
53583
33097
53581
4469
4143
5523
4503
6669
4378
6671
51535
53956
49481
32967
63
53831
34709
32871
34711
33045
49743
34197
34069
54471
33173
49221
32789
32785
35172
43869
43871
35165
35677
49188
43359
43357
35167
4174
4979
5933
22
43237
40999
43239
163840
41063
43047
8014
43109
43111
43045
41367
207
32869
42263
40997
34853
27437
18733
27439
16685
19245
26925
51461
47
16429
18477
43877
35109
43879
43365
33125
5935
36935
35173
49571
33169
59247
59243
49515
46455
51536
58735
672
30215
33491
58902
33381
49031
45666
33135
42306
30007
39298
35048
35051
49519
58903
43747
41880
20659
46616
21315
14328
13819
49715
48089
44852
48809
43476
28729
46916
46917
33131
58731
50539
33090
41883
20546
14329
48091
33383
45667
46619
39299
13816
28731
57707
50543
33076
35156
33071
14331
57879
42307
20483
48811
45383
58219
32879
675
33362
41331
33111
49203
37211
43479
33067
20487
43477
51537
57711
32939
20537
44853
47963
60012
50439
51055
35049
45447
41129
29191
32834
41335
33143
43751
46617
60015
37188
34824
20627
32653
34114
20803
47451
33490
43460
43461
50016
43463
43335
21815
35143
60013
37250
25646
51051
35271
32655
41223
16653
33079
43332
35140
19918
59503
35268
25647
43316
33108
35215
46919
36962
45595
18767
38911
44855
63855
35076
41428
41429
41431
43319
20879
55616
19824
38399
41300
55619
41303
16450
44343
49169
20499
17454
57713
20999
55663
31394
20802
44849
49427
19732
16660
19735
19733
44851
36963
31395
34139
12946
20643
11858
191
57715
12947
20515
17699
55907
11346
18711
18708
16656
49417
38783
17703
4242
35367
42020
4243
49108
19919
49521
19827
26884
26885
18692
42023
26887
18695
23203
42260
16644
41265
16679
4754
42261
8275
49111
43313
49109
20642
49486
40453
11859
55395
33040
49494
54614
41141
41143
32951
53591
32917
49171
53571
16183
40455
83
51820
33831
51823
53615
34068
41109
16430
32949
16720
49488
33105
54615
49263
33287
35320
47605
37175
47607
47479
37365
49491
37237
46420
33075
35095
47415
37143
37207
12089
18771
15671
37141
47477
11347
35099
42021
37173
53193
11065
16419
53195
47163
47162
48599
37205
52683
35323
52826
313
19825
38181
33061
38183
37157
44337
36869
52827
32826
38398
33060
30491
53499
13111
29467
35195
35321
15159
46396
7612
7613
91
7615
5501
51290
46399
52681
4540
49701
24861
49703
40717
42207
49189
16671
12091
54046
48030
48031
39431
32804
53535
11579
46397
54047
47295
24158
32827
24863
40719
24159
53274
37383
52031
61919
35128
57014
49174
57015
53430
54967
55990
28955
35335
51895
13184
311
55216
55219
53431
55478
55991
52555
39181
13187
16479
32529
53398
37146
53687
49334
32831
32531
57675
7742
49335
13185
33110
53599
14406
14407
48177
16669
51487
4096
2119
37055
41009
12672
6214
43458
48179
49952
32817
16478
53598
16657
4480
54192
34851
43459
38207
37278
44406
44407
53680
33142
4430
36214
51519
35163
53275
34865
23135
29604
53259
38970
16667
74
30995
20763
33094
46613
53532
42035
44374
41053
30838
30839
22886
16470
46615
22646
39103
22887
58223
26198
16454
22615
26199
21415
22647
43655
58807
41607
45372
29605
37255
43330
53271
23315
34264
34265
13448
20772
53648
20575
16676
55223
13451
20900
33065
34793
34267
24857
29607
139
13449
34089
51503
45247
46730
17753
25945
34819
53270
39031
36951
50615
34795
16665
36983
46731
38999
47114
48970
25947
33301
34153
4235
20838
47115
48971
55303
50235
56251
48458
50027
49211
32907
16390
55739
38938
49590
34283
24859
17755
38923
24851
56892
50239
33113
30428
34136
49179
20755
25686
45589
136
49215
36959
35266
42039
30429
40983
33847
52620
56895
32823
29407
16710
49259
52621
92
39754
46893
30431
33815
35138
42007
33069
36887
28
89
41323
52142
21084
25576
20519
38971
16744
46895
16748
55868
16747
65375
16648
16684
16683
25577
52143
52623
25580
4109
7646
402
5379
2307
6619
7519
3367
2306
5471
219
3099
57183
16396
25064
24939
25067
24936
16872
50576
25448
34091
86
36136
36139
47946
51596
50577
35116
36137
33801
50579
37254
33064
35112
33489
55647
34826
36140
35233
24662
55871
64351
32482
51630
33057
135296
37239
28895
23394
28899
53144
51612
53147
37002
53145
35235
49548
49563
16482
43143
52635
49160
51611
23395
49560
52123
45507
19107
49432
16415
37187
52632
53148
5259
16731
53820
88
20703
58308
22228
32483
37003
49176
18435
56893
12341
21087
57668
35107
25845
27688
27691
58311
16424
27692
22231
40
26667
12343
18475
27689
19499
35494
55958
35495
33427
33171
26664
16427
27690
18472
33059
41767
42118
55959
12311
18476
53308
42119
33056
43
21219
41351
34982
36229
42695
53287
62119
14441
14443
73
25847
22229
105
41255
33927
14445
40152
43288
29411
16483
43291
53927
25717
16405
109
20706
34121
33363
40155
43295
16547
4205
21204
27545
27547
63017
27549
18595
49455
16409
18587
4445
18713
63019
18841
33361
31459
30986
30987
50119
18457
18843
16411
16413
16451
31458
33863
33926
27035
22779
18715
61995
42183
11017
10505
11019
2315
11021
35103
2313
10507
53289
43289
61993
22794
460
45379
463
20507
332
2059
20834
57965
30947
32809
32902
51483
254
38107
51485
49261
461
32987
31390
31391
16471
34951
37315
33049
57967
52303
40153
49437
49436
34511
27775
35931
26719
53910
35242
35243
35114
36064
33066
13920
34181
13921
53415
2415
24821
7700
35115
57761
63905
37253
35246
35082
22706
33891
56865
33999
13923
48202
48203
22747
32842
16531
44106
33867
30946
40274
41474
40275
44107
22707
63907
35914
36067
13635
40010
34383
56867
13639
57763
33866
33888
40011
33282
41475
35915
31220
49441
49540
4429
49193
18531
53665
23028
32846
20639
44522
22795
44523
44398
62212
8291
16394
44394
44526
62215
44395
49543
26787
33871
53803
20629
49541
18527
31223
53511
34155
14614
14615
35083
16931
36203
36065
54122
54123
53611
96
53508
50031
53610
31655
55841
54023
54126
53579
20638
31221
53614
20631
32801
54808
16408
33106
42075
20658
57657
42079
49465
22754
62213
25049
36003
35872
53787
22951
54811
54809
22903
35835
25051
53784
35839
35936
53290
40962
35707
53291

--- Conjunto 3 ---
25641
57690
25643
21637
51884
31419
32795
35355
57099
25647
33454
16399
32427
3
17227
54397
53915
48073
16431
11
16395
15
33455
32779
25645
43
29375
54399
51887
31423
16427
24623
20651
24619
47
49247
34843
49419
53343
21183
54396
49167
54367
32431
32815
16415
32783
17451
32943
32847
23231
20639
49231
31403
51886
55563
28843
53515
28863
56075
53327
7
18603
16555
16715
21639
51885
30891
29355
16459
16519
49199
22699
20615
51375
16391
35307
37499
36955
33099
47435
37467
17455
36875
36987
53375
57903
37195
39370
33035
39243
20667
20515
35179
13
139
38339
83
80
82
33027
74
783
78
0
1
38211
75
64
79
753
33031
73
12
748
29595
21539
12896
1231
87
38343
16418
32771
35408
365
8
1407
367
1346
1350
364
1357
1347
323
38215
1150
71
755
55865
38342
56889
37191
4
16
759
81
32768
33067
55115
49208
27234
39371
36891
53403
53579
54603
56319
56317
31919
36939
53631
56191
49483
56587
32843
55615
49179
19
38214
35115
33026
37187
37190
33091
33095
1254
33030
39342
37167
1363
1362
1355
1359
1408
1183
37127
625
56891
57724
57727
16447
22703
49503
55679
49535
57725
54351
16543
16559
37403
32340
57373
23
85
70
271
143
84
34115
10
37123
42035
1184
33024
27439
1345
42034
1270
32774
631
54796
57375
49183
20539
54797
54799
16575
135
37131
31407
53567
30895
55107
53535
26779
49423
33327
53775
18591
26783
53263
18459
31
18587
28190
49439
28191
27
16411
32799
27167
26655
16539
18463
33119
33055
49211
44
749
750
4160
1223
33693
32776
32770
51
1258
1273
1153
1412
1259
1312
67
49160
38150
1221
39996
36911
39468
39471
39469
37423
39997
39999
20543
20671
28842
32831
33094
751
14
37319
35411
32775
1289
265
1285
33090
45276
2
45151
16527
28859
36895
45279
55807
37951
38480
19677
19679
16479
45277
36927
33039
27679
19551
12899
27235
1300
1124
1165
18530
47181
47183
36959
47773
335
33032
1214
1162
1276
1215
77
55353
32493
32495
47775
23103
18975
27916
20491
27919
45727
20635
43087
16655
25119
27917
16495
30959
20591
33439
28911
36943
57839
27918
45135
49455
18703
49519
20523
18655
19727
38991
57711
33071
20719
26895
20619
18527
24847
49647
35375
16523
49176
1250
1255
1251
280
29599
51257
38637
38639
23227
25175
36879
29371
35487
31471
34895
32863
34119
33033
4192
1373
1199
268
1390
34118
59661
41119
19007
59663
36975
21055
28783
32927
16443
20507
57647
37407
22715
6
37315
39343
384
1156
1249
757
22654
22655
2319
51471
43566
20607
26927
38151
1281
1239
55869
270
43887
43886
43375
43567
38127
32879
49711
47564
47567
47565
45391
33135
33103
39247
47439
35183
35151
267
28047
16783
39375
37199
22719
8235
20623
19855
18831
25999
1391
1389
17
5
37126
62798
62799
43055
24747
16463
20559
17807
37135
20495
20575
1277
1272
1279
1055
21
49161
43310
43311
54607
53583
49487
24607
47566
41007
61775
34863
16483
37166
1321
20766
20511
42351
37326
33028
32818
1187
40978
260
1244
1154
1245
20891
243
37567
37327
36685
36175
36687
24731
34159
21536
35119
16419
37023
21537
34127
16387
37007
37055
46
1392
1125
20763
17231
31316
16719
37535
113
1081
1381
1039
9807
34095
40991
1127
1374
1301
1143
1303
20895
277
529
38338
47408
33075
47409
37171
47411
57919
723
1382
1174
16398
20767
32772
62752
33059
259
62755
33360
49215
27981
27983
45087
19791
41631
53539
37504
37507
62753
37505
33043
32899
26959
16386
49443
9295
18767
45215
36867
36995
49209
1182
1339
1297
288
38210
26976
27412
8271
26979
16571
33311
18787
26977
54563
49727
21179
16739
41519
20514
35083
35409
1237
1045
1202
1236
533
36368
34835
32787
291
36371
20487
25633
36369
1087
86
1200
10787
10785
34831
30815
21403
32786
1319
1317
1262
1271
50049
50051
16643
35
16675
40766
40767
37183
39743
40255
39231
41393
10275
41395
41267
8227
33087
49539
22623
41363
4164
33695
1274
1295
1119
1275
26
1034
37122
42753
49155
42755
38207
27023
35859
33811
49411
33203
42243
1306
563
48145
48147
40979
44051
41219
46099
2083
8739
24587
1327
257
1348
16450
565
531
51778
51779
51267
33171
59696
59699
33047
37124
620
1315
1109
1299
46658
59703
49431
46659
51511
45075
59697
45123
57710
49463
45635
32835
46147
36931
32673
32675
49219
31651
20899
16803
20771
18851
31139
347
6918
32163
29091
34051
49731
66
37186
1267
691
42146
32803
43027
42147
32931
41027
41123
4195
1240
1220
1076
36930
57407
278
1366
1287
279
26723
47715
36963
45155
33827
1067
43664
43665
1118
1148
1238
1102
16115
32791
41623
43667
4211
43671
57039
53455
56015
32066
22851
32067
55375
16707
43159
43669
55503
41111
33431
20803
23875
41495
1326
327
1351
34055
55395
49251
53347
40983
30911
19135
16475
56527
1192
1179
28707
28767
16959
17087
15987
32919
8307
30907
41235
95
49359
12403
31043
1252
1209
1060
1031
38964
36919
38967
14579
16081
241
1379
303
32683
60708
60709
60711
32823
18755
38703
16083
38965
8407
37679
49447
38191
11863
39058
39059
37011
51299
8279
36883
14039
12384
1232
68
41639
41636
266
351
6558
6919
6821
6823
4358
893
69
4359
16087
13399
13015
15063
32343
41637
51507
49427
49459
41127
1208
1358
1212
1211
49181
264
31492
28935
29447
31495
20743
16647
35091
33063
32915
32807
59687
56895
32533
32535
31493
51495
16663
30999
57651
64577
64583
49
1294
1123
1205
18
1111
36549
32839
58439
36551
28951
23303
49223
36096
64579
36097
36099
31511
36039
22791
42099
18695
42067
35075
51475
263
36103
33795
32851
41043
33863
29603
9
12388
1203
1089
55867
30645
29111
30647
62535
20919
57415
24855
35911
41107
41619
1066
1108
1070
7285
7287
5239
53319
29623
33875
29463
4183
1157
1263
22807
22806
34887
20791
50786
1180
300
1218
1036
26678
50791
26679
53967
49255
49163
50787
16695
41491
42288
42291
50279
18487
42289
42295
43155
4215
34099
20759
36787
36275
35251
119
42293
6263
111
623
1175
24
42118
35123
42119
49159
16407
41095
32903
6559
6396
6439
4391
287
920
284
295
927
412
923
924
4510
4511
892
4383
415
383
894
4382
28
6399
256
6381
6397
33799
18455
8275
15955
13011
14035
33927
12371
32777
42259
62422
62423
53591
33079
34067
8403
61911
16439
34103
13395
4179
13523
18439
54231
61783
49767
12499
34071
36147
62295
33068
33088
1138
1201
1164
1213
16451
32183
31159
8787
13907
12883
57362
34227
57367
115
1095
33671
57363
33159
30135
38417
38419
37143
38421
49175
38836
38837
38839
37303
37395
15571
38327
38423
54103
33207
37175
36887
53719
37399
14931
1107
1207
14327
13687
15059
53527
12663
12791
13815
16823
63555
61507
62531
60483
1241
1115
36407
37907
55363
35895
33303
53315
57411
1047
36632
36633
36123
36635
27555
16396
1332
1333
21407
627
52731
52728
52603
54339
33051
50523
18855
52729
27617
27495
34871
27559
26983
27619
27623
16679
49435
27111
42964
33111
42967
42965
42455
42327
18723
34135
39
26919
18727
27491
16423
42263
12900
1097
1068
31640
31643
41303
16743
35099
52730
31641
51547
411
926
996
997
286
10762
4866
4822
4845
4867
4829
4792
10250
4783
4703
4251
929
4847
3011
4782
4871
4653
161
4355
21936
19194
8274
8815
4286
17760
17763
3025
9739
9738
8251
10763
2574
4831
7908
7911
4111
4639
886
884
877
887
10255
4848
4851
4115
2059
10766
2063
991
17009
2058
4765
9152
8515
4864
8647
4655
4865
4928
4903
4902
4869
4916
7909
4127
8255
131
23726
4319
4151
4849
4727
4855
4099
4197
9155
9159
8512
9153
4920
4923
4921
4364
4957
324
4119
4723
4107
9156
9024
4447
4974
8239
4408
4924
8516
6194
4875
4879
8643
4663
4114
4834
4835
4839
4416
4823
8661
4825
8367
8366
4259
4363
9028
9040
8004
8912
4627
22242
4795
4870
4926
8915
4905
7304
4996
4103
4951
4999
4971
4968
4969
4439
6181
4940
9041
6183
8320
8323
8321
4975
4463
343
8212
8400
8913
20
4459
4917
11792
3410
8528
11793
9043
8058
4981
9219
8482
8483
4931
4994
8724
8487
528
885
4631
4781
4824
928
4191
8640
163
4843
4143
6179
4828
4941
4842
6614
6615
4958
4567
344
6628
354
252544
6631
252488
252616
252617
4120
4826
4840
325
9223
8916
10256
3411
3415
7307
4367
4927
4913
8202
931
4235
372
27413
52571
27047
27107
51483
16807
50275
1397
62651
62648
16667
49307
61627
49763
31131
62649
51579
29083
1094
1103
18531
32633
16731
32635
29563
24867
31099
29379
1191
1399
64041
53435
32811
18791
20859
29383
64043
16763
18919
54386
32867
54387
32855
53367
53331
54391
54355
53335
17055
54359
22939
49235
49171
42133
42135
29051
33815
53803
49339
49239
31611
53363
21191
61995
16455
22811
33943
32923
1393
20762
38481
54459
32907
21063
32123
55851
64033
53291
1121
42745
20679
42747
49195
91
42235
13610
20551
4395
41019
42107
38695
13611
40740
1383
17034
17035
1323
40741
299
28434
26903
16659
28439
28435
42619
26899
42517
27923
40743
18707
42519
42043
42007
39207
17026
37159
18711
41083
37271
1110
1122
1101
16671
14746
14747
12587
4507
283
12699
4379
26915
27927
27043
42011
1367
57706
49515
57707
33038
561
1386
17163
19299
33131
16651
27411
37671
42839
275
20324
1185
18735
1344
332
1356
567
54651
53595
20327
16711
29155
29027
20835
6555
20325
29031
20839
20483
20903
20775
15447
20963
15446
9303
53627
10327
49499
33115
11351
57019
19815
53947
12375
29159
20547
21187
28867
28739
21059
57307
29251
56795
55643
55771
28963
14423
559
1395
62876
62877
53663
20739
62879
54687
55995
28229
42003
110
54812
54815
26695
28231
53279
30419
54813
16467
20563
20691
29395
30423
53791
28883
49567
20499
18619
15574
33183
15575
13527
20675
28755
21203
22
49177
32188
16403
32191
20567
25671
18503
20695
16471
28887
31167
20927
24647
10455
16831
16703
27719
30143
32189
9431
917
906
910
919
907
407
394
356
6271
3339
359
3337
32780
6441
6457
6459
249984
4415
6443
6447
6539
4399
6440
6425
6431
4411
405
2954
6456
4141
6463
791
6159
3343
1291
21075
29907
239
1349
1368
55420
29119
55421
12503
55423
4311
39719
38183
215
27207
20799
40231
29911
1307
1353
59901
11479
59903
55391
29399
34037
1309
1311
53305
48655
48653
59775
45583
29783
18751
34007
35111
24851
45071
49471
34935
34932
32848
34903
43023
34933
23999
27591
18759
34039
34839
51519
40975
27079
26951
34823
27463
1286
53819
38541
51487
41487
33423
38543
28703
1280
1387
61181
61183
59647
47631
38031
34819
37519
32911
59519
12387
53307
51550
51551
49279
19303
41062
41063
687
38279
1290
35082
45470
37279
45471
28997
28996
28999
20807
37151
39047
57439
41031
36999
57471
36871
328
62814
62815
53599
59487
4423
54623
60031
37147
1305
43214
43215
32871
43871
43359
25159
54214
39007
53575
54215
53511
28805
28807
37067
37064
61791
53255
22227
41311
35167
1172
1126
1075
25407
37065
2119
33847
37003
16416
35412
1091
1219
33295
33911
18491
1043
41539
41536
41537
53703
33975
39239
32793
62771
62768
61747
35685
35175
33127
53555
35687
24895
62769
17215
35079
33879
38483
34088
34091
34089
18887
1176
1072
26096
25971
17683
26099
35143
54579
25875
1197
29568
26097
29569
29571
21379
20867
1167
1100
535
24529

--- Conjunto 4 ---

