127
50
16
43
24
43
53
61
35
15
23
11
10
19
55
62
35
10
26
11
10
15
59
35
43
13
7
14
7
7
7
7
14
7
7
7
14
7
7
7
7
14
7
7
7
14
12
7
7
7
14
7
7
7
7
24
7
7
7
14
7
7
7
7
14
7
7
7
14
7
7
7
7
24
7
7
7
14
7
7
7
7
14
7
7
7
7
14
7
7
7
14
7
7
7
7
14
7
7
7
346
109
201
154
133
128
228
206
220
239
230
202
165
208
232
199
223
218
191
215
211
203
214
187
199
259
192
226
204
202
225
229
224
208
190
220
212
242
250
209
193
208
192
197
206
231
198
193
198
195
205
164
200
226
197
228
223
240
254
191
202
236
205
220
210
170
250
191
207
83
192
198
182
181
193
213
230
193
199
213
193
200
195
201
230
191
200
164
179
104
121
207
175
205
212
237
219
208
242
196
476
159
178
158
161
131
130
119
121
116
100
115
104
118
135
120
132
114
116
115
117
93
98
122
126
137
137
63
89
67
77
101
49
91
84
54
93
84
83
82
51
88
87
43
93
54
101
89
54
88
97
55
87
57
94
93
85
97
82
68
96
52
86
91
55
80
92
140
156
166
168
153
132
155
161
127
164
156
153
151
130
163
157
124
161
170
59
183
167
140
167
148
150
155
156
165
155
125
160
166
77
120
136
79
97
113
107
112
81
110
114
125
93
105
115
117
115
77
108
112
122
107
108
91
119
122
85
118
118
109
122
106
106
105
137
87
110
123
124
123
79
111
119
121
121
122
97
113
133
82
117
113
126
133
90
124
115
107
127
107
195
229
134
139
93
119
122
126
114
102
98
106
145
89
114
118
119
131
116
114
158
125
138
113
103
121
127
83
103
108
109
117
81
108
114
111
81
110
111
113
0
