32768
1000000
Quant grupos: 5
Media quant grupos: 1426.0
--- Conjunto 0 ---
3940
69
34
63
65
50
3069
73
154
7674
71
66
57
72
0
23
8058
62
8072
36
54
501
503
33
8074
4018
40
37
8138
8065
8136
8073
7958
4016
8131
3068
8128
4363
4049
8115
508
7761
507
8116
7737
8126
8110
7749
8127
8130
496
497
1097
155
7940
8032
64
41
46
70
35
104
3273
4340
8060
8034
58
19
669
7845
116
7998
7831
74
510
7575
7933
7750
7832
106
505
7770
6148
7805
4362
7774
7701
39
8185
7024
4602
5745
7699
96
76
147
117
78
153
149
38
6881
4065
6031
4259
506
18
8139
8111
2047
53
8113
8119
127999
8112
1617
3147
6181
1266
2586
4202
7731
68
8122
1351
3942
8129
8120
8121
504
7320
8184
1256
8036
500
6821
93
145
5633
2209
3669
1697
3070
8054
6954
7990
6778
3071
3319
99
7835
7111
499
8118
61
130
51
60
55
5470
59
7897
7532
3272
5417
4303
2765
151
8124
8059
8100
7107

--- Conjunto 1 ---
131
10219
3023
142
25193
148
3585
147
152
26123
3008
137
24274
25525
130
3055
151
20201
141
136
25586
146
158
31461
17338
149
2198
2194
9258
150
3027
25280
26467
3851
2908
26090
25413
29801
3884
24702
4361
3589
4376
3183
7961
3890
24930
25442
25136
19843
25829
13072
145
3591
25778
3731
26041
6488
3733
3715
25238
25418
24558
140
2911
19177
138
3176
3587
3723
9131
9275
3089
24927
9195
11835
132
3166
20299
20470
19224
133
2931
128
25583
12267
127
25485
25779
143
3287
25492
25619
23673
17959
25239
3447
18473
16387
2912
25185
3175
25419
2241
2913
2095
3412
5179
24835
17041
2125
2909
26211
24591
24703
2933
24611
18367
23158
2914
9259
17129
24074
17644
2915
16389
3174
24931
1
5
2918
25943
25085
24867
3184
16551
3297
13
2053
25465
3104
10296
2952
26765
16527
26716
3177
4325
16395
3019
3257
26973
129
3115
3083
3009
25587
22703
2926
16391
18607
16513
2699
16559
3299
2461
25611
2217
24640
2924
24269
16399
25775
24721
3024
18747
25066
24724
25067
28762
6675
20139
3188
24865
2907
2910
24501
2957
313
6423
2949
4447
3186
7
26960
26641
3185
25523
24295
16519
3182
18601
5515
12644
10436
2920
32296
22527
3179
10437
2057
2947
25386
3178
3574
2929
3029
3095
3173
3221
19113
77
3062
25025
25699
2948
3180
24579
2059
2953
2185
9161
25739
26602
7882
26603
3339
24769
3172
25795
2921
9
3181
2966
2923
16515
12460
16393
10260
16385
3124
24275
20471
10261
16517
3676
26110
16531
3805
26259
26111
3018
23291
25146
6141
2916
3006
3286
18563
21131
27332
3141
24745
24617
144
25229
3025
25501
16423
25500
25511
25255
17909
17065
24075
3137
26147
25084
8824
3106
26115
3143
10297
24559
25099
2753
31730
6683
24723
22752
21935
6451
25281
9889
10232
2925
25635
24715
24747
3153
3017
4454
25467
2938
24755
3171
13116
22695
24707
3169
24631
3103
13073
25453
3204
3296
2255
2315
25312
6
3686
18713
2934
19895
25267
18615
22934
2969
16535
2946
16523
24645
25753
0
8203
512
11
3
25187
12
14
8875
2967
135
4
2
134
15
2199
139
2180
26003
16386
2662
2919
4379
4377
19587
25098
25999
24969
24577
25121
3147
2751
2191
3007
532
3516
3000
3517
3261
124992
3519
2747
2189
2237
2181
63
3001
2232
2999
2221
2493
2213
2233
3263
3003
2207
3233
8
2209
2211
2055
16555
24585
24854
24855
27365
25145
1291
2141
24599
24973
24334
24335
22799
18731
20751
31
19115
3170
10
2665
2140
24681
26404
23823
22543
24757
20495
18443
16655
18475
25190
25191
24885
24583
3860
2995
2126
1035
24381
24380
24413
2082
2142
24061
3109
3595
24366
24367
22831
16514
95
8194
2124
24117
16431
24717
19627
2653
24989
24609
2139
2091
111
25197
2651
2922
26150
25199
25135
25101
24623
20527
22319
24713
23612
16397
3245
2234
2219
2216
23311
5309
24615
25127
24743
16388
18447
16549
18435
25846
24463
25269
22671
23439
24231
24741
21135
25835
26151
23805
24971
31463
24805
16421
23855
20783
24581
23741
24415
23343
26083
25763
25326
2398
25083
25827
16578
24739
24671
25019
26663
24207
20623
24471
24763
24731
25059
25787
25847
26448
17807
18575
23695
21159
24618
24619
26480
26483
26481
25713
26773
24840
24841
24881
24593
24595
26161
24656
24843
24587
24842
16384
25617
24592
21647
17063
23951
16783
17551
1163
26225
25649
24709
24657
24625
22927
26789
17539
16615
26449
25783
23183
24627
25969
26417
25905
10280
25603
18831
25771
24883
25361
2239
2205
3002
2235
2184
2177
2200
2223
25680
27367
24348
24351
24915
3885
3887
24939
26652
2093
47
45
16402
24689
25681
16525
24726
16532
18561
25237
24725
24807
25236
25137
19599
26791
5259
25493
17039
26855
2728
2744
2489
16404
27303
24708
20879
16516
25875
24711
24580
25936
26419
16518
25651
26227
24584
16453
12996
12997
4023
25282
25411
24349
25148
4349
24961
24659
24963
4351
27334
24705
24727
26520
24729
26523
16521
26198
26199
25687
25505
16419
26521
24663
24737
16547
25497
27333
4285
20509
16407
1727
25046
24791
25047
26853
26148
27301
21807
24612
24679
25527
24759
25133
18433
24887
25271
24589
16405
17455
2745
3518
71
19551
25731
24877
24879
25854
25855
22679
24750
16524
25327
8901
8325
12999
16533
25223
23959
26757
24613
25249
25507
3868
16545
16417
25149
23599
26405
16479
25639
1037
18491
18434
25751
18735
22575
6143
24621
24124
23567
21775
22287
16429
22589
16445
16406
24383
20541
24719
25791
21295
25401
24997
24999
5887
20135
18597
16512
26139
8209
23410
23411
27322
26795
25224
24904
24905
13074
12632
24880
12633
26679
25216
12635
24647
25225
10298
10282
24907
2654
3118
1803
2067
25211
26728
26665
26729
18437
25227
26631
25627
24771
27323
18603
24649
8200
8217
22159
24596
8201
16390
8521
8283
25743
26661
18439
23703
26629
17559
24215
16534
24987
25495
16398
18562
8837
4237
26265
25251
26011
26009
16413
4239
5885
21263
79
3844
3079
3235
3690
2750
3691
19623
19607
24995
8197
8389
24643
26019
25125
25175
21655
17461
24597
5823
25494
8226
2158
25451
2051
4031
3187
3105
2143
26941
26925
26685
26943
2116
26749
25180
25183
26669
26637
26751
16403
16
2183
2495
25181
13075
8208
12305
24685
24687
19597
23719
26927
24651
31457
18467
23869
26671
26639
8327
21039
23613
24653
12304
10240
18471
12563
18583
25095
24853
13117
26628
26653
25283
22415
25051
26654
8839
8391
22423
26655
25755
24716
161
23854
22111
20631
21789
23837
16430
23901
24582
17724
22573
25103
69
2488
26636
19629
22247
26638
26630
4255
4269
18703
18436
17973
24590
20511
17679
22845
2063
20525
25636
18573
21903
24975
24303
25231
24302
18479
23215
16558
18493
23997
16396
24827
25737
24751
20765
24733
2049
24125
3076
2238
3843
3847
3855
3845
2943
2603
24768
22815
26267
1055
25637
21551
18589
24706
26821
5805
19645
24588
25623
4253
24851
21821
24718
21557
20199
25263
12485
18111
8328
20526
1155
16437
25638
16526
1791
8236
3629
2607
2861
2397
2052
2078
2657
2659
3631
26188
3117
25676
3373
26189
25677
199
25262
16415
2222
90176
2746
2179
3213
2056
3205
26190
24652
24770
26191
19855
25679
24983
22717
16428
1039
16422
5821
22332
20111
163
16565
19503
23868
8464
25678
16687
18723
16567
17471
25253
22588
16461
25612
26822
23839
24740
25893
16425
2083
24655
24109
197
18606
8903
24111
20655
24654
18469
23598
25735
4235
16537
26149
16463
16394
16539
90112
168
16427
18574
17452
24704
22813
9400
22069
24238
165
25892
39
18
17711
23647
21565
2186
12860
4317
24662
175
92224
18151
26184
25165
24598
16439
18599
8211
12816
2349
37
17035
2178
19179
13556
18569
13557
13559
8196
9397
9364
17033
12817
13495
9399
13493
18319
8342
8198
25132
13460
25157
26633
26667
20367
8199
9396
13558
9398
13494
24669
2089
9365
13492
9460
8340
26733
8343
25167
1165
26687
26677
16576
18819
8372
19087
26731
16451
8212
9366
26647
22060
24079
26701
8341
8210
24899
18621
24738
9461
9463
8324
170
9367
8214
8979
8193
24712
10272
26697
10250
17
3119
25226
25317
17468
513
65536
18699
2155
3501
124928
16520
12998
20
3247
26644
16663
2729
10248
20781
23903
16411
22935
65600
169
21599
18445
17575
20887
4287
1159
8329
16529
3375
3891
24683
13660
12317
13661
12636
13662
9564
13663
13405
8221
267
2218
24576
8220
9308
8285
8204
8207
21279
1197
8222
13404
8205
9464
3077
2963
2971
3304
23726
8286
9244
8206
24985
8284
16943
25230
8287
12639
159
21519
16444
20540
13341
9567
9309
9310
27328
2088
3229
8223
16701
26717
18441
24790
8192
9566
26635
25091
559
3858
2090
13118
30
25868
25614
25869
25613
25870
16911
8976
25871
25615
25155
2960
2231
2998
3816
3817
3753
3819
3293
3807
2989
2793
173
2731
3241
2269
3295
2733
157
2281
207
2795
2253
171
221
73728
44
2991
2187
2735
2667
43
555
2061
2215
17503
19
25415
2477
3215
12818
25123
2351
2571
12863
25517
24749
2863
25261
25519
16557
2950
2951
3272
2251
3273
3275
533
3487
2249
2762
2250
3015
3841
2985
5377
3329
5121
1027
1025
5123
5379
3073
1281
2182
2305
2561
2694
2817
257
2307
2490
2961
2193
2153
1709
26735
18087
23357
20575
19901
21007
16420
24629
19516
2399
2081
12604
26997
26999
26741
26693
2827
26743
26645
8281
5311
30949
166
3305
2195
2763
3512
3513
3495
3515
3239
167
4024
2964
2962
2600
3306
3240
3270
5878
4329
5814
5879
3242
3289
3283
3284
3271
3290
3292
8150
3285
6358
7895
23879
27393
3999
4127
4234
2246
5432
3291
16554
3281
3280
2983
3224
3232
3026
2257
2973
3863
3871
2727
3307
2767
4357
4359
3243
2975
4445
4474
4461
4467
2970
4824
4816
4874
4807
658
5141
4790
4817
4797
2202
4810
4818
4813
5127
5167
1071
5160
5157
5164
5227
5211
5163
6635
5217
6552
2965
5204
5212
5260
2197
6357
5165
5205
5264
5197
3208
3211
5238
5270
5198
5254
5288
5249
5266
5258
5251
6010
6026
6034
6008
1171
5267
4242
6035
7829
6845
6789
6709
6711
2749
2103
2256
2190
2254
2050
29670
17141
16509
21716
21718
21717
17206
16934
15826
25111
25387
16693
19844
24434
24042
27314
27315
2409
19613
20831
25159
26935
2201
8720
26933
23087
26901
2658
2086
24699
2062
24965
24967
8263
22829
12560
3854
2459
2715
1030
2203
2972
2741
4472
4122
4341
4318
4265
4319
4101
2997
4473
17212
5764
3430
4776
4777
4784
4408
4363
4873
92
4442
4789
4335
8791
5689
3442
3443
4123
4331
4104
25
4475
4155
4343
2717
12333
18063

--- Conjunto 2 ---
15917
133
24146
131
28547
3981
19973
146
26003
3730
16284
148
3450
3023
142
3982
128
28211
24939
3732
147
152
23165
137
27923
32308
3585
3134
149
3586
130
3714
3221
151
20269
10149
18735
3723
19757
138
3297
22904
2958
136
23268
3722
3089
3735
21966
3589
24912
3989
15570
22589
3734
150
9700
3587
26499
3591
2872
18453
29920
27897
30036
4481
3892
15392
32359
3898
14380
11813
19080
4487
24906
25533
16187
28203
26178
13963
4477
16674
2964
3733
21469
3715
8123
3711
2893
3597
141
17049
20839
2864
3178
12736
5181
5245
20708
7805
5157
3027
26485
7775
28533
30094
16519
132
28620
3717
2688
2962
3997
3719
3024
7717
17940
2883
28355
29921
3
5
16419
1
2191
3019
18425
23693
3133
30464
24400
3983
16393
24218
3125
20102
30037
30465
12935
16675
2865
16401
27252
16389
2885
3009
24741
8391
2970
2971
15094
25277
26179
25293
2871
28290
6939
27839
3098
25657
3446
14381
2974
3169
2899
6427
11692
29849
7439
27813
22512
37
3130
21705
32611
3096
3077
18390
28291
3213
30661
21711
3179
18391
14876
31453
21432
16385
24699
23269
19173
16833
22198
31246
32185
2205
2882
2887
24577
26845
25376
3257
24611
2955
2954
3008
18597
29804
11277
13277
27357
11034
3207
2973
3165
11789
3159
31183
21657
7211
27477
3174
3210
28391
9736
157
3445
27510
25073
25072
20709
24721
16403
22611
16517
15171
22927
9737
43
3131
3086
31335
29839
16399
11346
11059
12789
12783
10683
22398
23889
22950
16405
3293
2963
2953
28353
2867
3029
24916
29519
139
17786
29281
16285
24878
25185
29190
8349
18437
8153
17787
28064
13451
21472
28751
11462
18477
22756
29191
25747
3138
3212
3142
3167
14083
3413
32585
32309
20561
14128
24613
29968
15571
24737
31607
16429
143
31174
127
3290
25761
10387
30331
3790
18441
16513
2874
14129
22111
8195
3120
3791
12899
3113
29992
23024
2729
15172
24473
9701
3725
13743
30773
8357
3017
2869
8227
3163
3451
3161
15393
3181
17506
11213
17540
2879
16143
20323
3287
25009
18973
8327
144
25124
3072
24749
21353
9008
26264
20245
24401
2769
24965
28367
9
11686
3135
3175
2959
2880
187
17236
16589
3085
27014
19081
3112
8237
24189
2944
21967
24062
16391
3187
10285
5991
3216
16527
29693
25641
13
2965
3471
15730
3092
24907
25350
11788
3070
2447
3195
9020
3100
15
24579
22841
3235
22905
17378
16426
25717
3136
3067
24619
3145
3229
16521
407
17087
3110
25653
26229
24581
24147
24875
26165
24587
18733
21071
6317
3065
3152
17941
17393
15965
16397
3123
23896
18639
6912
30772
77
13935
24723
28619
25798
3994
18469
28065
3000
27102
24243
29733
13649
13491
2896
27108
8257
24595
8211
11647
13571
23457
16457
2361
3184
3119
2203
2875
25500
3049
3097
24617
26243
13742
8087
8197
19017
3172
22180
2189
23025
22681
513
532
6
3006
3007
29922
140
2238
2
12
24736
7
3510
3511
2231
16387
18957
124992
3255
2215
24704
0
111
16384
29856
25760
5135
5247
29923
5159
512
135
1061
2198
134
2196
129
25762
2187
2199
2183
3001
2487
2745
3299
2211
2232
25825
25824
2223
25763
16545
92224
2219
16386
2177
2744
8
2197
24576
25728
24706
35
2999
3899
4497
4496
18767
4241
9275
17068
7461
18445
4
11
12205
16549
17538
3151
3093
23804
10804
22668
10292
10805
23805
19644
19709
10277
10293
23740
8229
16388
18573
8196
18621
19645
16516
18588
18589
19597
17548
8228
18572
10276
23741
23772
16525
20168
13926
2049
14
2866
16512
3111
16515
25827
13927
2868
24707
2100
25729
52
16416
3176
2088
3191
3185
3117
3201
3094
3203
3205
3199
2080
3166
3180
3182
2096
3129
3168
3197
9831
3211
4031
20170
2055
20169
39
2767
2346
2602
2090
2859
2975
2091
3247
3256
3246
24738
2213
3259
67
16544
167
16957
16956
175
2217
16958
16940
66
16421
11378
30631
16520
20721
11347
16941
3025
3234
2363
3015
3230
2207
3231
2247
3243
18975
3251
2759
3250
2227
3026
2362
2225
3248
3249
18461
2193
533
29858
2873
24705
40
2195
2179
2178
29859
2176
163
3217
2717
24739
3239
3014
2209
17536
2947
2758
24608
198
2945
3238
2256
2771
3264
2257
3002
47
25029
28621
26053
12037
3842
25025
28613
25893
28463
28453
27941
26405
25889
3854
28461
29621
32693
32703
29617
30645
28420
32701
30789
30785
32581
32589
31813
31821
28430
32069
3909
16437
20279
20277
20285
18229
16433
3233
16949
17717
2216
3840
25773
28589
25769
28333
26541
3980
17037
20365
17033
18061
20366
18317
169
28559
2233
28623
28617
28609
16546
2258
2246
2768
25826
2101
165
2106
2221
2115
2093
2186
2083
3177
8231
3214
34
32154
17569
24773
18468
16423
2870
3068
3206
3054
3124
3170
3171
3220
3158
3222
2714
3069
10
2858
42
2114
29857
2181
3258
16514
16547
8194
16420
2239
79
2218
2056
3223
168
2259
161
2357
2192
71
199
209
6566
8110
6562
4014
3844
7590
4006
8102
4270
6062
2997
5550
5806
24134
24390
24398
32582
32590
32578
19
2119
2615
2360
2370
173
2185
2061
2458
3055
2202
2813
19175
3128
3160
27802
2089
16846
16847
6567
16591
38
2214
16526
6310
16590
36
2086
16396
16524
16398
2084
16454
2087
16583
2812
31597
517
15558
63
3155
24715
2098
16417
21478
2099
2081
3121
17390
25031
2609
17537
26733
3200
3202
32155
2097
28838
29094
16551
16390
24711
24775
29095
21479
21222
24709
24583
16550
21159
16903
24742
17062
24743
24998
21223
16422
17063
21158
24612
2353
3153
23806
23807
18623
23743
16518
18590
24999
18591
23742
17566
18622
18574
26669
17570
31599
2371
15559
3132
3173
19109
16523
24327
21767
24647
23559
33
19710
19711
18575
19646
16566
17543
170
3846
3847
2311
3821
1286
3881
3692
2763
3693
3695
18607
23815
22535
19647
25731
3190
18439
31951
27855
24719
22279
17415
19463
27853
24783
26767
20743
16647
26831
3862
26687
24615
18471
26671
26661
26663
26629
3157
2354
21871
17711
17455
16431
21551
24578
3127
30143
17775
25775
17519
25791
21615
24751
16559
21807
27245
22031
17935
25645
16911
3122
3150
15831
8343
11735
15575
16909
10455
11479
23
24685
3139
3198
18687
8199
18567
18566
10454
2053
18565
8215
9367
10390
10391
3192
23104
23105
16448
16449
16961
3115
3031
18599
25568
25569
19009
25312
25248
21057
21056
24800
25249
25313
18496
19008
2082
23584
23585
18464
17441
19489
22561
17440
4023
3164
23640
23641
2751
73728
3003
22617
18521
16472
18520
16473
22616
16456
16392
2608
26991
32
3144
19608
18569
19609
18568
18585
20569
16536
28976
28977
24625
24881
18584
24880
16432
31280
24624
26673
31281
30768
24609
26672
2488
27184
30769
3118
2094
3107
3154
2352
15088
14577
15089
8336
10385
10480
10481
10992
10416
10928
8320
10417
10384
145
3101
2077
3103
12313
8217
10993
8201
8368
30829
3194
3095
2059
2155
28145
26769
27825
27889
8193
26801
27793
16394
2126
23321
23065
18713
16409
28081
22809
18457
22553
20761
24753
3116
31343
26778
3109
16361
10409
15593
20505
8233
12009
16105
11497
8361
11463
26989
3137
3064
26779
18401
41
11433
18145
11753
18081
10473
17057
18337
2611
3162
22697
18601
17633
16553
16929
16425
3083
2057
16345
11737
15577
8329
3868
10457
8409
15833
24645
25
18634
3823
3824
3825
3827
3757
2797
2989
2737
2705
179
177
2739
3729
3761
2801
2803
2733
2289
243
657
687
1711
2273
2287
659
3763
2291
685
1155
1169
2991
3629
2249
2669
183
24714
25129
8345
14553
11481
10393
16089
27803
28218
28219
26683
24610
27690
27707
26667
24618
27691
25642
26666
3208
3209
30586
29818
30587
27706
16427
24682
25722
24586
26682
24602
30058
16395
30330
24170
24171
23147
21034
16490
28779
21099
29819
25659
20522
21035
3079
2190
8538
8192
8539
21098
23146
8259
8203
8523
17003
16491
22122
3149
24591
24623
19111
25426
24914
24915
16402
24659
25427
8283
24658
16466
8266
25171
3188
3189
27042
26787
26786
27043
18594
18595
2995
8198
3105
12882
12883
8786
8787
83
12371
8210
8275
82
10970
10971
10459
8274
8323
10394
10379
10458
10375
17061
2627
17619
8395
17555
10395
16531
10443
10378
16595
2103
3126
18
3186
2050
3218
2066
25754
26691
24643
17391
16558
17071
17135
17070
17134
26627
16522
3146
20435
19155
20179
18643
18579
19667
17039
11375
3147
19827
3108
3141
2275
23755
10374
3099
17539
31563
16418
15051
16459
19763
18451
25637
25075
25895
8331
24817
31051
25639
18507
26955
25074
24819
16587
18635
24755
19659
18483
19923
10955
24651
18803
24818
18739
24722
2495
2235
203
24787
24036
24593
18596
24037
22692
26699
2951
19620
23716
23972
27467
19507
16916
31996
23284
27490
22450
22219
22451
26764
31997
27491
24717
26979
18099
27837
16563
26781
31932
18098
27900
26812
27836
24716
17445
24869
26659
24748
17447
26723
24752
21195
17587
24816
21683
26813
27901
24592
24754
22195
22194
20659
16562
25740
18435
23087
24174
24175
25605
16430
16942
23150
24720
21102
16462
16494
17035
20527
16782
20658
18466
2184
21682
16428
24675
26658
23151
16495
16943
26722
17413
2747
17007
24258
24259
16578
20674
23235
24674
19138
23746
21186
16588
17099
16579
21171
27234
26914
23234
29974
29975
25623
25622
24598
2746
18123
16407
16406
24599
25878
25879
2058
160
17075
18059
27814
27815
26791
16548
26790
2234
2071
2761
2251
3334
3335
25767
26978
24740
16483
31
26915
17354
16435
17355
24871
17098
17034
27235
16586
17586
21934
21935
17582
17838
24594
21679
21678
17583
2489
2966
21618
20499
21619
81920
20531
21523
4007
21554
21555
21522
20683
103
16434
21131
20498
17426
13718
9366
13719
8342
9622
13462
25730
8214
9238
21938
17554
21939
2967
18467
24785
16584
29623
24757
23227
25768
29367
336
15107
16745
29451
16690
24515
22833
16567
21153
15003
19649
17524
17525
24759
21873
20940
10329
23308
10657
7164
6909
24857
24044
22426
24404
21738
14364
23458
16565
29365
25269
20941
10273
24045
16691
23309
6908
14365
28853
25271
16538
17578
16535
7165
28939
10241
24405
22691
29109
16439
337
16681
20665
16555
24601
18605
21739
16533
10243
28855
16469
10268
23981
30006
25219
25527
22723
20564
14595
20667
16571
21875
30007
17412
10313
16326
10401
23725
21730
25008
21731
21667
10907
17571
18625
12823
25525
17635
16327
20611
8326
16539
21666
9959
29751
17634
21658
16554
17607
23459
18481
22797
9383
19455
22427
31927
20714
20715
21659
10439
27808
9912
19199
20650
27809
20651
8225
22171
24584
10249
8727
28856
10499
27831
15697
22424
24713
9866
8330
9867
22425
17069
6473
10321
5929
95
28857
10257
8849
27953
5673
9355
9354
8328
24708
19391
8851
2121
17683
21010
24554
24760
9913
13442
9346
21011
13443
9347
11601
21130
8322
20632
8339
2377
4137
24555
21656
20226
27697
24747
27307
20570
20571
16475
26795
16458
24585
26785
8091
20227
25910
16915
25911
26807
20554
16474
8360
24744
16552
24631
16643
17660
23802
18587
23803
23739
18682
24745
18618
23210
16537
17547
23707
18571
18603
6044
9385
7835
18570
23738
17549
18586
26596
5532
8209
26597
23581
24299
18602
26341
17661
26413
156
19090
16530
19091
18578
22168
18434
16413
15245
26749
6555
14733
17597
7579
23198
3806
45
3807
2750
23199
26340
2270
24850
12430
24851
20358
21103
8335
6045
27023
24015
19715
5789
23647
12079
12431
20359
26637
18691
26015
30959
17564
28507
26715
27483
27995
14477
17667
25947
6592
155
27608
27609
27739
26277
19590
6593
8239
16264
26843
24667
16415
16265
28837
3871
26799
7203
24088
8334
25743
2048
1059
18527
20504
6336
21729
24089
24976
16408
2240
27096
17425
19103
22203
26840
18107
25759
17581
17432
11567
14802
19485
8333
15497
10381
23306
26766
21017
22187
20526
15419
11443
8235
23307
11323
19551
29111
13099
11307
10707
21827
29403
20803
22686
18627
21665
26635
11657
17132
6724
10386
26824
10287
8338
27611
6725
10450
16532
17396
17133
12428
14803
69
17044
25751
22623
23365
8876
12972
17409
19515
18475
25307
17397
8332
18491
19499
23557
24485
12973
16650
17076
2117
10419
27651
25117
28125
24229
25013
24605
16453
27869
19469
24795
17141
12429
8877
19461
12425
28446
25119
16556
15214
24589
10377
12843
22794
68
24607
18479
21019
20491
16923
26310
28447
16411
14703
8355
24629
46
19877
23446
15215
16907
21003
16534
18443
44
20661
26071
10542
12788
10259
8372
23447
8374
27934
8373
32687
8324
8341
26311
12790
2054
201
2689
1153
3309
3759
1683
2735
109
1549
28591
12532
12469
12533
12468
8436
25288
12724
17045
18068
18069
23973
17558
16900
25289
17556
16744
27823
18070
17616
12331
27935
32175
16241
25815
16528
67648
18619
14447
11697
14449
26572
25806
26573
18501
17617
24774
24781
8241
21571
26317
24580
25805
24780
26061
22753
9553
8207
18593
26316
26574
2629
8365
26910
10351
29154
11114
24588
9217
6170
10543
28834
17553
12922
13844
13845
29155
8212
13846
11115
20
13333
6171
9237
9749
17747
27979
16713
16585
13332
8213
9236
16529
20883
21059
6155
26654
21
10609
20675
17491
18114
21347
26643
31059
7220
7221
12923
20627
16963
7222
20076
21644
14705
21645
26963
12858
8202
54
10353
17060
20077
21647
8273
2102
10602
13772
13773
31508
13774
9297
24727
8204
9293
2222
9356
31509
9420
16680
15729
15493
25059
9228
9421
8205
8206
16931
13517
11389
9357
30997
21091
5508
5252
5509
1157
5510
17551
1156
5253
26644
30996
11397
230
22689
231
10253
166
1029
28982
15473
16404
16451
25741
19053
25742
24630
16493
15695
17475
18657
28983
26151
24718
17255
13887
17965
13359
17621
17557
18032
6960
17090
26707
1207
12410
3850
28880
31952
18626
17623
17541
11353
16945
28432
16999
6961
24101
11373
8265
22053
16933
20137
20737
31953
17957
18033
6817
20005
17191
28433
6819
28881
16944
16641
15610
24770
24596
9265
26832
11514
10319
22261
22199
31106
4145
22197
22263
31107
24771
13393
16935
26901
10314
9263
15611
26755
17077
7307
8465
18101
27061
26805
48
26754
25015
15827
27920
27011
27063
26789
10315
16400
27404
21037
28828
21039
24732
11377
12524
18001
17936
26893
11475
27405
11451
17917
12525
26892
17919
17968
26645
20481
17853

--- Conjunto 3 ---
12820
28845
12821
10818
25942
15709
16397
17677
28549
12823
16727
8199
16213
1
8613
27198
26957
24036
8215
5
8197
7
16389
12822
21
14687
27199
25943
15711
8213
12311
10325
12309
23
24623
17421
24709
26671
10591
24583
27183
16215
16407
8207
16391
8725
16471
16423
11615
10319
24615
15701
27781
14421
26757
14431
28037
26663
3
9301
8277
8357
10819
15445
14677
8229
8259
24599
11349
10307
25687
8195
17653
18749
18477
16549
23717
18733
8727
18437
18493
26687
28951
18597
19685
16517
19621
10333
10257
17589
6
69
19169
41
40
16513
37
391
39
0
19105
32
376
16515
36
374
14797
10769
6448
615
43
19171
8209
16385
17704
182
4
703
183
673
675
678
161
19107
575
35
377
27932
28444
18595
2
8
379
16384
16533
27557
24604
13617
18445
26701
26789
27301
28159
28158
15959
18469
26815
28095
24741
28293
16421
27807
24589
9
17557
18593
16545
16547
627
19671
18583
681
677
679
704
591
18563
312
28445
28862
28863
8223
11351
24751
27839
24767
27175
8271
8279
18701
16170
28686
11
42
135
71
17057
18561
21017
592
16512
13719
672
635
16387
315
27398
28687
24591
10269
27399
8287
67
18565
15703
26783
15447
27553
26767
13389
24711
16663
26887
9295
13391
26631
9229
15
9293
14095
24719
13
8205
16399
13583
13327
8269
9231
16559
16527
24605
22
375
2080
611
16846
16388
25
629
636
576
706
656
33
24580
19075
610
19998
18455
19734
19735
18711
19999
10271
10335
16415
18659
17705
644
132
642
22638
22575
8263
14429
18447
22639
27903
18975
19240
9838
9839
8239
18463
16519
13839
9775
6449
650
562
582
9265
23590
23591
18479
23886
167
16516
607
581
638
38
27676
16246
16247
23887
11551
9487
13958
10245
13959
22863
10317
21543
8327
12559
8247
15479
10295
16719
14455
18471
28919
22567
24727
9351
24759
10261
9327
9863
19495
28855
16535
10359
13447
10309
9263
12423
24823
17687
8261
24588
625
140
14799
25628
19318
19319
11613
12587
18439
14685
17743
15735
17447
16431
17059
2096
686
599
134
695
29830
20559
9503
29831
18487
10527
14391
16463
8221
10253
28823
18703
11357
18657
192
578
624
378
11327
1159
25735
21783
10303
13463
640
619
27934
21943
21687
19063
16439
24855
23782
23783
22695
16567
16551
19623
23719
17591
17575
133
14023
8391
19687
18599
11359
4117
10311
9927
9415
12999
694
31399
21527
12373
8231
10279
8903
18567
10247
10287
639
527
10
21655
27303
26791
24743
12303
20503
30887
17431
8241
660
10383
10255
21175
18663
16514
16409
593
20489
130
622
577
10445
121
18783
18342
18087
18343
12365
17079
10768
17559
18511
17063
8193
18503
18527
696
10381
8615
15658
8359
18767
56
540
690
519
4903
17047
20495
563
687
571
651
10447
138
264
23704
16537
18585
23705
28959
361
691
587
16386
31376
16529
129
31377
16680
24607
13990
13991
22543
9895
20815
26769
18752
18753
16521
16449
13479
24721
4647
9383
22607
18433
18497
669
648
144
13488
13706
4135
13489
8285
16655
9393
27281
24863
10589
8369
20759
17541
618
522
601
266
18184
17417
16393
145
18185
10243
12816
543
600
5393
5392
17415
15407
10701
659
658
631
25024
25025
8321
17
8337
20383
18591
19871
20127
19615
20696
5137
20697
20633
4113
16543
24769
11311
20681
2082
16847
637
647
559
517
21376
24577
21377
19103
13511
17929
16905
24705
16601
21121
653
281
24072
24073
22025
20609
23049
1041
4369
12293
663
128
674
8225
282
265
25889
25633
16585
29848
29849
16523
18562
310
657
554
649
23329
29851
24715
25755
22537
22561
24731
22817
16417
23073
18465
16336
16337
24609
15825
10449
8401
10385
9425
15569
173
3459
16081
14545
17025
24865
633
345
21073
16401
21513
16465
20513
20561
2097
620
538
28703
139
683
643
13361
23857
18481
22577
16913
533
21832
574
551
8057
16395
20811
21833
2105
21835
28519
26727
28007
16033
11425
27687
8353
21579
21834
27751
20555
16715
10401
11937
20747
163
17027
27697
24625
26673
20491
15455
9567
8237
28263
596
589
14353
14383
8479
8543
7993
16459
4153
15453
20617
47
24679
6201
15521
626
604
530
515
19482
18459
19483
7289
8040
120
689
151
16341
30354
30355
16411
9377
19351
8041
4203
18839
24723
19095
5931
19529
18505
25649
4139
18441
7019
6192
616
34
20819
20818
175
3279
3410
3411
2179
446
8043
6699
6507
7531
16171
25753
24713
24729
20563
606
605
24590
15746
14467
14723
15747
10371
8323
17545
16531
16457
16403
29843
28447
16266
16267
25747
8331
15499
28825
32288
32291
24
561
602
555
18274
16419
29219
18275
14475
11651
24611
18048
32289
18049
15755
18019
11395
21049
9347
21033
17537
25737
131
18051
16897
16425
20521
16931
14801
6194
544
27933
15322
14555
15323
31267
10459
28707
12427
17955
20553
20809
535
3642
3643
2619
26659
14811
16937
14731
2091
11403
17443
10395
25393
590
150
609
518
13339
25395
26983
24627
24581
8347
20745
21144
21145
25139
9243
21147
21577
2107
17049
10379
18393
18137
17625
59
21146
3131
55
311
12
21059
17561
24579
8203
20547
16451
3198
3219
2195
143
460
142
147
463
206
461
462
2255
2191
207
191
447
14
3199
3190
16899
9227
4137
7977
6505
7017
16963
6185
21129
31211
26795
16539
17033
4201
30955
8219
17051
6697
2089
6761
9219
27115
30891
24883
6249
17035
18073
31147
16534
16544
569
16091
15579
4393
6953
6441
28681
17113
28683
57
547
16835
16579
15067
19208
19209
18571
19210
24587
19418
19419
18651
18697
7785
19163
19211
27051
16603
18587
18443
26859
18699
7465
553
603
7163
6843
7529
26763
6331
6395
6907
8411
31777
30753
31265
30241
557
18203
18953
27681
17947
16651
26657
28705
523
18316
18061
18317
13777
8198
666
10703
313
26365
26364
26301
27169
16525
25261
9427
13808
13747
17435
13779
13491
13809
13811
8339
24717
13555
21482
16555
21483
21227
21163
9361
17067
19
13459
9363
13745
8211
21131
6450
548
534
15820
15821
20651
8371
17549
25773
205
498
5381
2433
2411
2422
2414
2396
5125
2391
2351
2125
464
2423
1505
2435
2326
80
2177
10968
9597
4407
2143
8880
8881
1512
4869
4125
1287
2415
3954
3955
2055
2319
443
442
438
5127
2424
2425
2057
1029
5383
1031
495
8504
2382
4576
4257
2432
4323
2327
2464
2451
2434
2458
2063
4127
65
11863
2159
2075
2363
2427
2049
2098
4577
4579
4256
2460
2461
2182
2478
162
2059
2361
2053
4578
4512
2223
2487
4119
2204
2462
4258
3097
2437
2439
4321
2331
2417
2419
2208
4330
2412
4183
2129
2181
4514
4520
4002
4456
2313
11121
2397
2463
4457
2452
3652
2498
2051
2475
2499
2485
2484
2219
3090
2470
3091
4160
4161
2231
171
4106
4200
2229
5896
1705
4264
4521
4029
2490
4609
4241
2465
2497
4362
4243
2315
2390
2095
4320
81
2421
2071
3089
3307
2479
2283
172
3314
177
126272
3315
126244
126308
2060
2413
2420
4611
4458
5128
1707
3653
2183
2456
4101
465
2117
186
26285
13523
13553
25741
8403
25137
698
31325
31324
8333
24653
30813
24881
15565
25789
14541
16316
8365
16317
14781
12433
15549
14689
595
699
32020
26717
16405
9395
10429
14691
32021
8381
9459
27193
16433
16427
26683
26665
27195
27177
26667
8527
27179
11469
24617
24585
21066
21067
14525
16907
26901
24669
24619
15805
26681
10595
30997
8227
11405
16971
16461
27229
16453
10531
16061
27925
32016
26645
560
21372
10339
21373
24597
45
21117
6805
10275
2197
20509
21053
19347
20370
8517
661
149
14217
13451
8329
14219
21309
13449
21258
13961
20371
9353
21259
21021
21003
19603
8513
18579
9355
20541
18635
550
8335
7373
6293
2253
141
6349
2189
13457
13963
13521
21005
28853
24757
280
693
8581
9649
16565
8325
13705
18835
21419
137
10162
9367
166
283
27325
26797
10163
8355
14577
14513
10417
3277
14515
10419
10241
10451
10387
7723
10481
4651
26813
5163
24749
16557
5675
28509
9907
26973
6187
14579
10273
10593
14433
14369
10529
28653
14625
28397
27821
27885
14481
7211
279
697
31438
26831
10369
31439
27343
27997
14114
21001
27406
27407
13347
14115
26639
15209
8233
10281
10345
14697
15211
26895
14441
24783
10249
9309
7787
16591
6763
10337
14377
10601
16094
8201
16095
10283
12835
9251
10347
8235
14443
15583
10463
12323
5227
8415
8351
13859
15071
4715
458
453
455
459
203
197
178
3135
1669
179
1668
16390
3220
3228
3229
124992
2207
3221
3223
3269
2199
3212
3215
2205
202
1477
2070
3231
395
3079
1671
645
10537
14953
119
684
27710
14559
6251
27711
2155
19859
19091
107
13603
10399
20115
14955
676
29950
5739
29951
27695
14699
17018
654
655
26652
24327
24326
29887
22791
14891
9375
17003
17555
12425
22535
24735
17467
17466
16424
17451
21511
11999
13795
9379
17019
17419
25759
20487
13539
13475
17411
13731
26909
19270
25743
20743
16711
19271
14351
30590
30591
29823
23815
19015
17409
18759
16455
29759
6193
26653
25775
24639
9651
20531
343
19139
22735
18639
14498
14499
10403
18575
19523
28719
20515
18499
28735
18435
164
31407
26799
29743
2211
27311
30015
18573
652
21607
16435
21935
21679
12579
27107
19503
26787
26755
14402
14403
18533
18532
30895
26627
11113
20655
17583
586
537
12703
1059
16923
18501
8208
17706
545
16647
16955
9245
521
20769
20768
26851
16987
19619
16396
31385
31384
30873
17842
17587
16563
26777
17843
12447
8607
17539
16939
19241
17044
17045
9443
588
536
13048
12985
8841
13049
17571
27289
12937
598
14784
14785
10689
10433
583
267
12264

--- Conjunto 4 ---

