4096
1000
Quant grupos: 1001
Media quant grupos: 13.14
--- Conjunto 0 ---
31524
552
275
510
556
522
404
24554
588
401
1237
405
400
61392
568
532
457
458
576
0
187
64464
402
496
272
64579
64578
291
289
292
439
4012
504
4030
264
24552
64595
64594
32145
324
293
302
65108
64522
65093
64591
24559
63668
32130
32131
65049
32128
24547
65024
34910
32399
64926
507
279
4065
64925
62089
65025
4056
64931
64924
61896
34909
4066
24546
65026
34908
65014
64883
61993
64880
528
65055
65023
65047
64886
3974
34907
65022
3978
3976
65021
8776
65019
32129
1240
63522
64263
515
329
24553
328
331
517
370
4
330

--- Conjunto 1 ---
24555
331
64579
561
287
4014
289
24547
64595
24545
833
288
510
26190
24558
515
330
24554
4
370
369
458
5
64263
34722
64480
329
24553
292
65093
32129
32130
63668
32145
34910
1240
63522
64273
1243
514
324
274
275
464
64481
504
4030
64256
272
301
157
64464
5353
62761
64272
65108
933
1234
24557
63986
62654
595
64465
63987
4087
63990
60600
63467
62002
62663
65047
328
517
849
4044
24556
62160
65046
49190
3978
64883
62441
34905
34903
65023
65021
65025
34902
65048
62193
507
512
61611
314

--- Conjunto 2 ---
314
64464
64481
64272
65483
64256
56196
36818
45963
61597
512
294
61594
284
577
772
608
1181
938
629
1226
1195
304
292
34905
62002
4087
62193
60600
507
293
24555
373
564
563
55049
24553
32521
48249
34075
374
316
318
4048
149
65112
64888
1240
65482
16380
528
426
459
427
64908
64956
1023999
64903
146
272
12937
65093
25179
49453
24557
10132
20695
33616
65106
61853
550
64980
10808
31541
65032
4046
24558
64965
64964
64971
4033
65030
65033
64889
300
24556
31524
496
556
401
0
457
187
400
402
458
405
404
275
64480
576
24545
833
24546
34722
64578
58562
63522
65474
24547
515

--- Conjunto 3 ---
24547
64579
24548
31524
64900
56196
4
24549
10053
933
5
581
64294
24550
518
49190
24551
551
62663
64903
4007
64263
64295
8776
24552
520
54568
552
61896
24553
5353
745
55049
61993
62761
62089
32521
24554
65482
1162

--- Conjunto 4 ---
24554
65482
522
65483
24555
64907
1195
45963
64908
24556
45068
556
64909
557
24557
4014
24558
26190
17678
29358
24559
4015
559
527
13583
17679
64272
33616
64464
61392
528
24560
32145
64273
146
1234
64434
36818
563
63668
1236
65108
564
55636
1237
149
534
34902
63926
54230
535
24568
65112
10808
504
568
1240
26553
48249
64889
61594
25179
507
34075
16380
796
508
61853
509
61597
157
62685
34909
62654
34910
510
56894
4030
3999
511
31524
64961
64295
552
266
0
576
269

--- Conjunto 5 ---
269
64295
552
273
510
508
266
576
507
0
279
504
509
25179
157
64961
64951
64908
1023999
64907
64900
146
64889
64959
64958
432
430
272

--- Conjunto 6 ---
64295
272
430
527
64889
432
490
64908
438
459
492
496
439
25179
56196
293
294
510
1042
64481
64480
534
64578
64294
412
568
508
484
518

--- Conjunto 7 ---
272
64295
438
64889
25179
149
426
64908
527
439
581
528
440
432
64959
64951
64961
64956
64900
146
1023999
266
157
64909
1023998
576
507
508
0
510
279
265
504
273
577
64294
509

--- Conjunto 8 ---
273
510
508
576
509
64295
279
266
265
504
31524
275
459
25179
64961
552
61594
64908
556

--- Conjunto 9 ---
275
510
552
556
64295
522
404
588
1237
401
405
400
568
532
457
576
0
25179
187

--- Conjunto 10 ---
404
1237
64295
552
588
187

--- Conjunto 11 ---
1237
404
64295
552
588
187
522
532
458
401
400
576
0
402

--- Conjunto 12 ---
401
1237
522
64295
405
400
588
187
532
457
576
0
496
404
510
508
275
552
504
266
509
507
157
64951
64908
1023999
64907
64900
146
64889
64959
64958
432

--- Conjunto 13 ---
432
64295
64889
508
430
272
509
527
490
64908
438
459
492
496
439
25179
61597
293
294
510
1195
412
568
484

--- Conjunto 14 ---
272
64295
518
438
64889
149
426
64908
527
439
581
528
440
432
64959
64951
64956
266
157
64909
1023998
576
507
508
0
510
265
504
275
64579
64578
31524
300
293
64464
64294
551
534
64480
509
64481
264
25179
4030

--- Conjunto 15 ---
293
518
56196
64480
64481
316
512
65482
61597
64256
48249
65112
557
314
64272
64464
265
510
504
63987
4087
63986
49190
63990
62193
34902
4044
63467
34900
34899
62654
60600
62663
65024
62441

--- Conjunto 16 ---
60600
62654

--- Conjunto 17 ---
62654
60600

--- Conjunto 18 ---
60600
62654

--- Conjunto 19 ---
60600
62654

--- Conjunto 20 ---
60600
62654

--- Conjunto 21 ---
60600
62654

--- Conjunto 22 ---
60600
62654

--- Conjunto 23 ---
60600
62654

--- Conjunto 24 ---
60600
62654

--- Conjunto 25 ---
60600
62654

--- Conjunto 26 ---
60600
62654

--- Conjunto 27 ---
60600
62654

--- Conjunto 28 ---
60600
62654

--- Conjunto 29 ---
60600
62654
62663
63467
4087
552
504
64480
64481
265
507
301
288
510
4014
157
289
511
557
933
1234
64256
34722
1240

--- Conjunto 30 ---
301
64481
64480
1240
64464
515
329
63522
64272
517
370
64256
5
34722
157
65108
64263
4
272
508
576
510
64578
534
551
64294
509
64579
264
504
4030

--- Conjunto 31 ---
264
64578
64480
64579
272
275
510
556
64595
64594
32145

--- Conjunto 32 ---
510
275
32145
64579
556

--- Conjunto 33 ---
275
510
556
32145
64579
324
292
293
65108
265
64578
504
64595
64522
65093
64591
63668
64594
32130
32131
65049
32128

--- Conjunto 34 ---
65049
32128
63668
32130
32145
32131

--- Conjunto 35 ---
65049
63668
32130
32145
32131
32128

--- Conjunto 36 ---
32130
32145
63668
32131
65049
32128
64595
64522
65024
32399
64594
34910
64926
552
504
64578
64579
265
507
279
577
458
510
4065
64925
62089
65025
4056
64931
64924
61896

--- Conjunto 37 ---
64924
63668
34910
62089
32399
61896
64926
64595
64522
34909
65024
65049

--- Conjunto 38 ---
64926
63668
34910
32399
34909
65024
65049
64924
62089
61896
64925
64595
64522
4066
4065
64931

--- Conjunto 39 ---
64925
63668
4065
64595
64522
65026
32399
34909
34908
65024
65014
65025
64883
64591
61993
64880
65055
65023
65047
64931

--- Conjunto 40 ---
65023
61993
32399
65025
64595
64522
64886
63668
62089
64880
64931
3974
34908
65022
34907
3978
65047
3976
65021
61896

--- Conjunto 41 ---
64880
61993
65021
64931
63668
62089
65023
3974
34908
32399
34907
3978
65022
61896

--- Conjunto 42 ---
61993
65022
63668
62089
64880
61896
65021
64931
65023
3974
34908
32399
34907
3978

--- Conjunto 43 ---
61993
65021
64931
65023
3974
34908
65022
32399
34907
3978
63668
62089
64880
61896

--- Conjunto 44 ---
61993
64880
61896
63668
65022
65021
64931
62089
64595
64522
65019
65025
32399
64886
64883
65014
4065
32130
32145
65024
65055

--- Conjunto 45 ---
61993
65055
63668
65024
32399
64880
64883
65023
65025
65047
32128
64886
62089
3974
34908
65022
65021
34907
3978

--- Conjunto 46 ---
61993
65022
32128
34907
3978
32399
3974
34908
63668
65025
65047
61896
65021
62089
64880
552
504
64578
64579
266
509
507
508
0
576
269
273
510
279

--- Conjunto 47 ---
279
510
576
64579
273
272
508
577
64578
509
266
265
504
64880
63668
61993
65021
32128
65019
65025
32399
64886
64883
65014
32130
32145
65049
64595
64594
32129

--- Conjunto 48 ---
32129
63668
32145
32131
64883
65024
32399
64880
65025
65055
65023
61993

--- Conjunto 49 ---
65023
61993
65024
32399
63668
65025
65047
64886
62089
64880
65019
64883
32129

--- Conjunto 50 ---
63668
32129
32145
32131
65093
552
504
64578
64579
265
507
292
1240
65108
63522
64263
515
329
328
517
370
4
330
331
576
561
287
4014
64595
24545
288
510
26190
458

--- Conjunto 51 ---
4
370
64579
5
330
272
64263
64595
34722
64480
534
64578
510
329
328
292
293
65108
265
504
65093
63668
32129
32130
32145
32131
65049
32128

--- Conjunto 52 ---
32130
63668
32131
32145
65049
32128

--- Conjunto 53 ---
32128
65049
63668
32130
32145
32131
65024
32399
34910
64595
64522
64926
552
504
64578
64579
265
507
279
577
458
510
4065
64925
62089
65025
4056
64931
64924

--- Conjunto 54 ---
64924
63668
61896
62089
34910
32399
64926
34909
65024
65049

--- Conjunto 55 ---
63668
65049
64926
64924
32399
62089
34910
34909
65024
61896
64925
4066
4065
64931

--- Conjunto 56 ---
63668
4065
64931
34909
64925
32399
65026
34908
65024
65014
65025
64883
61993
64880
64595
64522
65055
65023

--- Conjunto 57 ---
61993
65023
65025
32399
65047
64931
64886
63668
62089
64880
3974
34908
65022
34907
3978
3976
65021
61896

--- Conjunto 58 ---
64880
61896
61993
3976
63668
65021
64931
62089
65023
3974
34908
32399
34907
3978
65022

--- Conjunto 59 ---
65022
3974
61993
63668
62089
64880
61896
65021
64931
65023
34908
32399
34907
3978

--- Conjunto 60 ---
64880
61993
63668
65021
64931
65023
3974
34908
65022
32399
34907
3978
62089
61896

--- Conjunto 61 ---
64880
61993
61896
63668
65022
65021
64931
62089
65019
65025
32399
64886
64883
65014
4065
32130
32145
65024
65055

--- Conjunto 62 ---
65055
63668
61993
65024
32399
64880
64883
65023
65025
65047
32128
64886
62089
3974
34908
65022
65021

--- Conjunto 63 ---
61993
65023
3974
34908
32128
65022
32399
34907
3978
63668
65025
65047
61896
65021
62089
64880
65019
64886
64883
65014
32130
32145
65049
32129

--- Conjunto 64 ---
32129
63668
32145
32131
64883
65024
32399
64880
65025
65055

--- Conjunto 65 ---
64880
63668
65055
64883
65024
32399
65023
61993
65025
65047
64886
62089
65019
32129
32145
32131
65093
552
504
64578
64579
265
507
292
64595
1240
65108
63522

--- Conjunto 66 ---
292
64263
65108
515
64579
329
63522
328
64578
517
370
4
330
331
576
561
287
64595
4014
24545
288
510
26190
458
63668
5
272
34722
64480

--- Conjunto 67 ---
293
64579
65108
292
265
510
64578
504
65093
63668
32129
32130
32145
34910
65047

--- Conjunto 68 ---
34910
65047
63668
32130
32145
65093
552
504
64578
64579
265
507
292
64595
1240
65108
63522
64273
1243
514
324
274
275
464
510
272
508
576
64294
64480
551
534
509
64481
264
4030
301
157
64464
515
329
64272
517
370
5

--- Conjunto 69 ---
64481
301
157
64480
1240
65108
515
329
63522
64263
517
370
4
5
64256
34722
293
64272
64464
289
510
933
511
557
1234
63986
62654
288
595
4014
64465
265
504
63987
4087
63990
60600
63467

--- Conjunto 70 ---
62654
60600
64256
63990
62002
62663
63987
65047
65093
552
504
64480
64481
265
507
292
1240
65108
63522
64263
515
328
329
517
370
5
4
24545
331
458
26190

--- Conjunto 71 ---
331
64481
370
24545
330
4
272
64263
329
288
510
849
64256
4014
26190
43763
561
287
515
458
64480
62654

--- Conjunto 72 ---
288
4014
64481
26190
331
561
287
24545
515
370
4
5
328
64263
329
292
293
64256
65108
265
510
64480
504
65093
62654
60600
63990
4044
62002
62663
62160
63987
65046
63986
49190
3978
65047

--- Conjunto 73 ---
4044
49190
62663
3978
62654

--- Conjunto 74 ---
3978
4044
62654
49190
63467
60600
62663
64256
63987
65014
64883
65024
62441
64880
65025
65055
65023
65047
63990
34905
64886
34903
3974
65022
62002
65021

--- Conjunto 75 ---
49190
64880
65021
34905
34903
62663
65023
3974
65022
62002
62441

--- Conjunto 76 ---
49190
65021
34905
34903
64880
62663
64256
63987
65019
65025
62441
64886
64883
65014
4044
62002
62654
60600
64926
552
504
64480
64481
265
507
279
577
458
510
63467
63990
34902
65048

--- Conjunto 77 ---
65048
34902
49190
4044
60600
62663
64256
63987
65049
62654
62002
63467
34905
63990
62193
4087
65024
62441
552
504
64480
64481
265
507
292
1240
64464
512
61611
64272
458

--- Conjunto 78 ---
292
64481
64464
61611
64272
4048
512
314
316
315
293
557
65483
64256
56196
65112
45963
61597
34075
48249

--- Conjunto 79 ---
64481
314
458
64480
34902
61594
61597
284
577
772
608
64256
1181
938
629
1226
294
510
1195
293
508
512
65483
34075
48249
55049
557
64464
4048
64272
292
61611
316

--- Conjunto 80 ---
316
64272
64481
315
4048
293
557
512
65483
56196
65112
64256
45963
61597
314
458
64480
34905
61594
284
577
772
608
1181
938
629
1226
294
510
1195
64464

--- Conjunto 81 ---
293
64481
61597
508
512
314
4048
64272
64464
577
292
61611
316
315
557
65483
56196
65112
64256
45963
458

--- Conjunto 82 ---
458
64481
64480
34902
61594
314
61597
284
577
772
608
1181
938
629
1226
294
510
1195
64464
293
508
512
4048
64272
292
61611
316
315
557
65483
56196
65112

--- Conjunto 83 ---
64481
316
64272
4048
56196
64256
45963
293
557
512
65483
61597
314
458
64480
34905
61594
284
577
772
608
1181
938
629
1226
294
510
1195
64464
508
292
61611

--- Conjunto 84 ---
314
64481
316
64272
4048
315
293
557
512
65483
56196
65112
64256
45963
61597
458
64480
34902
61594
284
577
772
608
1181
938
629
1226
294

--- Conjunto 85 ---
64481
294
61597
510
1195
314
64464
293
508
512
4048
64272
577
292
61611
316
315
557
65483
56196
65112
64256
45963

--- Conjunto 86 ---
293
64481
56196
316
314
4048
64256
61597
458
64480
62002
61594
284
577
772
608
1181
938
629
1226
294
510
1195
64464
508
512
64272
292
61611
265
504
4087
49190
62193
34902
60600
62663
552
507
1240
557
65483

--- Conjunto 87 ---
314
64481
64272
4048
293
557
512
65483

--- Conjunto 88 ---
314
64481
64272
4048
293
557
512
65483
56196
294
65112
64256
45963

--- Conjunto 89 ---
314
64481
45963
64272
4048
293
557
512
65483
56196

--- Conjunto 90 ---
293
64481
512
65483
314
64272
4048
56196
45963
557

--- Conjunto 91 ---
314
64481
56196
45963
64272
4048
293
557
512
65483

--- Conjunto 92 ---
64481
293
557
512
65483
314
64272
4048
56196
45963

--- Conjunto 93 ---
314
64481
4048
56196
45963
64272
293
557
512
65483
552
504
266
509
507
508
0
576
269
273
510
279

--- Conjunto 94 ---
510
273
64481
272
508
577
64480
509
576
279
266
265
504
314
56196
45963
64272
4048
293
557
512
65483

--- Conjunto 95 ---
293
557
64481
512
65483
314
64272
4048
56196
45963

--- Conjunto 96 ---
314
64481
56196
45963
64272
4048
293
557
512
65483

--- Conjunto 97 ---
64481
293
557
512
65483
314
64272
4048
56196
45963

--- Conjunto 98 ---
314
64272
64481
4048
56196
45963
293
557
512
65483

--- Conjunto 99 ---
293
64481
557
512
65483
314
64272
4048
56196
45963

--- Conjunto 100 ---
314
64481
64272
4048
56196
45963
293
557
512
65483

--- Conjunto 101 ---
293
64481
557
512
65483
314
64272
4048
56196
45963

--- Conjunto 102 ---
314
64481
64272
4048
56196
45963
293
557
512
65483

--- Conjunto 103 ---
314
64481
293
557
512
65483
64272
4048
56196
45963

--- Conjunto 104 ---
64481
314
64272
4048
56196
45963
293
557
512
65483

--- Conjunto 105 ---
64481
314
64272
293
557
512
65483
4048
56196
45963

--- Conjunto 106 ---
293
64481
314
64272
4048
56196
45963
557
512
65483

--- Conjunto 107 ---
314
64272
4048
64481
293
557
512
65483
56196
45963

--- Conjunto 108 ---
293
64481
314
64272
4048
56196
45963
557
512
65483
64256
61597
374
581
518
64890
373
564
1243
509
519
520
563
475

--- Conjunto 109 ---
373
509
64481
563
581
61597
293
512
65483
64256
55049
34075
48249
557
439
374
314
64272
4048
56196
45963

--- Conjunto 110 ---
314
56196
64481
45963
64272
4048

--- Conjunto 111 ---
314
64481
45963
64272
4048
56196

--- Conjunto 112 ---
314
64481
64272
4048
56196
45963

--- Conjunto 113 ---
314
64272
64481
4048
56196
45963
293

--- Conjunto 114 ---
314
64481
64272
4048
293
557
512
65483

--- Conjunto 115 ---
314
64481
64272
4048
293
557
512
65483
56196
294
65112
45963

--- Conjunto 116 ---
64481
314
45963
64272
4048
293
557
512
65483
56196

--- Conjunto 117 ---
293
64481
65483
314
64272
4048
56196
45963
557
512

--- Conjunto 118 ---
314
64481
45963
64272
4048
293
557
512
65483
56196

--- Conjunto 119 ---
293
64481
512
65483
314
64272
4048
56196
45963
557

--- Conjunto 120 ---
64481
314
56196
45963
64272
4048
293
557
512
65483

--- Conjunto 121 ---
293
64481
557
512
65483
314
64272
4048
56196
45963

--- Conjunto 122 ---
314
4048
64481
56196
45963
64272
293
557
512
65483

--- Conjunto 123 ---
64481
293
557
512
65483
314
64272
4048
56196
45963

--- Conjunto 124 ---
314
64272
64481
4048
56196
45963
293
557
512
65483

--- Conjunto 125 ---
293
64481
557
512
65483
314
64272
4048
56196
45963

--- Conjunto 126 ---
314
64481
64272
4048
56196
45963
293
557
512
65483

--- Conjunto 127 ---
293
64481
557
512
65483
314
64272
4048
56196
45963

--- Conjunto 128 ---
314
64481
64272
4048
56196
45963
293
557
512
65483

--- Conjunto 129 ---
314
64272
64481
293
557
512
65483
4048
56196
45963

--- Conjunto 130 ---
314
64481
64272
4048
56196
45963
293
557
512
65483

--- Conjunto 131 ---
4048
314
64481
64272
293
557
512
65483
56196
45963

--- Conjunto 132 ---
293
64481
314
64272
4048
56196
45963
557
512
65483

--- Conjunto 133 ---
45963
314
64272
4048
64481
293
557
512
65483
56196

--- Conjunto 134 ---
293
64481
314
64272
4048
56196
45963
557
512
65483
64256
61597

--- Conjunto 135 ---
64481
314
4048
56196
45963
64272

--- Conjunto 136 ---
314
64481
45963
64272
4048
56196

--- Conjunto 137 ---
314
64481
45963
64272
4048
56196

--- Conjunto 138 ---
314
64481
64272
4048
56196
45963

--- Conjunto 139 ---
314
64272
64481
4048
56196
45963
293
316
64888
149
65112
294
557
512
65482
552
504
266
509
507
508
0
576

--- Conjunto 140 ---
266
64481
269
508
552
0
273
510
576
507
279
272
577
64480
509
265
504
293
65112
56196
512
294
316
64272
4048
45963
65482

--- Conjunto 141 ---
293
56196
65112
512
64481
34075
64256
55049
557
65482
316
374
581
518
64890
373
564
1243
509
519
475
563
520
48249
61597

--- Conjunto 142 ---
373
64481
581
439
374
316
56196
293
64480
518
563
528
149
64908
426
576
64889
272
527
588
64906
438
459
492
496

--- Conjunto 143 ---
64889
439
64908
149
64481
56196
440
527
528
426
427
486
64256
64961
64935
430
508
272
510
509
64945
64907
64900
146
64903
64956

--- Conjunto 144 ---
64956
64908
64900
146
64481
64256
64961
1023999
64945
427
527
440
439
581
64889
563
61597
528
149
426
272
518
588
64906
438
459
492
496

--- Conjunto 145 ---
439
64481
64889
61597
64908
440
527
528
149
426
427
486
64935
430
508
272
510
509
64945
64907
64900
146
64903
64956

--- Conjunto 146 ---
64908
64956
64481
64945
427
527
440
439
581
528
373
293
56196
272
508
64480
576
510
64294
534
551
509
64295
264
504
64256
4030
265
25179
12937
4087
49453
10808
5353
10132
63181
24551
552
270
283
63926
282
284
65108
64483
60260
577
849
285
45963

--- Conjunto 147 ---
5353
26181
10808
25179
24553
62685
64908
552
504
64294
64295
266
509
507
508
0
576
157
64961
64951
1023999
64907
64900
146
64889
64959
64958
432
430
272
527
490

--- Conjunto 148 ---
272
64295
64908
432
64889
438
459
492
496
527
439
25179
56196
293
294
510
1042
64481
64480
534
64294
412
568
508
484
518
149
426

--- Conjunto 149 ---
439
581
528
64295
440
432
64959
64908
64951
25179
64961
64956
64900
64889
146
1023999
266
157
64909
1023998
576
507
508
0
510
265
64294
272
551
534
64480
509
64481
264
504
4030
293
518
56196
316
512
65482
64256
61597
48249

--- Conjunto 150 ---
56196
293
64256
512
64481
65112
557
65482
316
314
64272
64464
265
510
64480
504
63987
4087
63986
49190
63990
62193
34902
4044
63467
34900
34899
62654
62160
62663
65046
61594
64908
552
266
509
507
508
0
576
157
64961
64951
1023999
64907
64900
146
64889

--- Conjunto 151 ---
64481
64256
64961
64959
64900
64889
64908
64958
146
64907
64951
1023999
432
508
430
272
509
527
490
438
459
492
496
439

--- Conjunto 152 ---
61597
438
64889
64481
293
294
510
64256
1195
272
412
568
508
484
64908
518
149
426
527
439
581
528
440
432
64959
64951
64961
64956
266
157
64909
1023998
576
507
0
265
64480
504
65046
62654

--- Conjunto 153 ---
65046
62654
4044
49190
62663
64256
63987
3978
63990
60600
65047

--- Conjunto 154 ---
4044
49190
62654
3978
63467
60600
62663
64256
63987
65014
64883
65024
62441
64880
65025
65055
65023
65047
63990
34905
64886
34903
3974
65022
62002
65021

--- Conjunto 155 ---
49190
65021
34903
64880
62002
62663
34905
65023
3974
65022
62441

--- Conjunto 156 ---
49190
65022
34903
64880
62663
65021
34905
64256
63987
65019
65025
62441
64886
64883
65014
4044
63990
62002
60600
64926
552
504
64480
64481
265
507
279
577
458
510
63467
34902
65048

--- Conjunto 157 ---
65048
34902
49190
4044
60600
62663
64256
63987
65049
62002
63467
34905
62193
4087
65024
62441
552
504
64480
64481
265
507
292
1240
64464
512
61611
64272
458

--- Conjunto 158 ---
64481
292
64464
61611
64272
64256
4048
512
314
316
315
293
557
65483
56196
65112
45963
61597
34075
48249

--- Conjunto 159 ---
64256
61597
314
64481
458
64480
34902
61594
284
577
772
608
1181
938
629
1226
294
510
1195
293
508
512
65483
34075
48249
55049
557
64464
4048
64272
292
61611
316

--- Conjunto 160 ---
316
64481
64272
315
4048
293
557
512
65483
56196
65112
64256
45963
61597
314
458
64480
34905
61594
284
577
772
608
1181
938
629
1226
294
510
1195
64464

--- Conjunto 161 ---
64481
314
293
61597
508
512
4048
64272
64464
577
292
61611
316
315
557
65483
56196
65112
64256
45963

--- Conjunto 162 ---
61597
314
64481
458
64480
34902
61594
284
577
772
608
1181
938
629
1226
294
510
1195
64464
293
508
512
4048
64272
292
61611
316
315
557
65483
56196
65112

--- Conjunto 163 ---
315
316
64481
64272
4048
56196
64256
45963
293
557
512
65483
61597
314
458
64480
34905
61594
284
577
772
608
1181
938
629
1226
294
510
1195
64464
508
292
61611

--- Conjunto 164 ---
314
64481
4048
316
64272
315
293
557
512
65483
56196
65112
64256
45963
61597
458
64480
34902
61594
284
577
772
608
1181
938
629
1226

--- Conjunto 165 ---
64481
294
61597
510
1195
314
64464
293
508
512
4048
64272
577
292
61611
316
315
557
65483
56196
65112
64256
45963

--- Conjunto 166 ---
293
56196
64481
316
314
4048
64256
61597
458
64480
62002
61594
284
577
772
608
1181
938
629
1226
294
510
1195
64464
508
512
64272
292
61611
265
504
4087
49190
62193
34902
60600
62663
552
507
1240
557
65483

--- Conjunto 167 ---
293
64481
314
64272
4048
557
512
65483

--- Conjunto 168 ---
314
64481
64272
4048
293
557
512
65483
56196
294
65112
64256
45963

--- Conjunto 169 ---
64481
314
56196
45963
64272
4048
293
557
512
65483

--- Conjunto 170 ---
293
64481
557
512
65483
314
64272
4048
56196
45963

--- Conjunto 171 ---
314
4048
64481
56196
45963
64272
293
557
512
65483

--- Conjunto 172 ---
64481
293
557
512
65483
314
64272
4048
56196
45963

--- Conjunto 173 ---
314
64272
64481
4048
56196
45963
293
557
512
65483

--- Conjunto 174 ---
293
64481
557
512
65483
314
64272
4048
56196
45963

--- Conjunto 175 ---
314
64481
64272
4048
56196
45963
293
557
512
65483

--- Conjunto 176 ---
293
64481
557
512
65483
314
64272
4048
56196
45963

--- Conjunto 177 ---
314
64481
64272
4048
56196
45963
293
557
512
65483

--- Conjunto 178 ---
314
64272
64481
293
557
512
65483
4048
56196
45963

--- Conjunto 179 ---
314
64481
64272
4048
56196
45963
293
557
512
65483

--- Conjunto 180 ---
4048
314
64481
64272
293
557
512
65483
56196
45963

--- Conjunto 181 ---
293
64481
314
64272
4048
56196
45963
557
512
65483

--- Conjunto 182 ---
45963
314
64272
4048
64481
293
557
512
65483
56196

--- Conjunto 183 ---
293
64481
314
64272
4048
56196
45963
557
512
65483

--- Conjunto 184 ---
64481
314
45963
64272
4048
293
557
512
65483
56196

--- Conjunto 185 ---
293
65483
64481
314
64272
4048
56196
45963
557
512

--- Conjunto 186 ---
314
64481
45963
64272
4048
293
557
512
65483
56196
552
504
266
509
507
508
0
576
269
273
510
279
272
577
64480

--- Conjunto 187 ---
273
510
508
576
509
64481
279
266
265
504
314
293
557
512
65483
64272
4048
56196
45963

--- Conjunto 188 ---
293
64481
314
64272
4048
56196
45963
557
512
65483
64256
61597
374
581
518
64890
373
564
1243
509
519
520
563
475

--- Conjunto 189 ---
373
509
64481
563
581
61597
293
512
65483
64256
55049
34075
48249
557
439
374
314
64272
4048
56196
45963

--- Conjunto 190 ---
314
64481
56196
45963
64272
4048

--- Conjunto 191 ---
64481
314
45963
64272
4048
56196

--- Conjunto 192 ---
314
64481
45963
64272
4048
56196

--- Conjunto 193 ---
314
64481
64272
4048
56196
45963
293

--- Conjunto 194 ---
314
64481
64272
4048
293
557
512
65483

--- Conjunto 195 ---
314
64481
64272
4048
293
557
512
65483
56196
294
65112
45963

--- Conjunto 196 ---
314
64481
45963
64272
4048
293
557
512
65483
56196

--- Conjunto 197 ---
293
512
64481
65483
314
64272
4048
56196
45963
557

--- Conjunto 198 ---
56196
314
64481
45963
64272
4048
293
557
512
65483

--- Conjunto 199 ---
293
557
64481
512
65483
314
64272
4048
56196
45963

--- Conjunto 200 ---
314
64481
56196
45963
64272
4048
293
557
512
65483

--- Conjunto 201 ---
64481
293
557
512
65483
314
64272
4048
56196
45963

--- Conjunto 202 ---
314
64272
64481
4048
56196
45963
293
557
512
65483

--- Conjunto 203 ---
293
64481
557
512
65483
314
64272
4048
56196
45963

--- Conjunto 204 ---
314
64481
64272
4048
56196
45963
293
557
512
65483

--- Conjunto 205 ---
293
64481
557
512
65483
314
64272
4048
56196
45963

--- Conjunto 206 ---
314
64481
64272
4048
56196
45963
293
557
512
65483

--- Conjunto 207 ---
314
64481
293
557
512
65483
64272
4048
56196
45963

--- Conjunto 208 ---
64481
314
64272
4048
56196
45963
293
557
512
65483

--- Conjunto 209 ---
64481
314
64272
293
557
512
65483
4048
56196
45963

--- Conjunto 210 ---
293
64481
314
64272
4048
56196
45963
557
512
65483

--- Conjunto 211 ---
314
64272
4048
64481
293
557
512
65483
56196
45963

--- Conjunto 212 ---
293
64481
314
64272
4048
56196
45963
557
512
65483

--- Conjunto 213 ---
64481
314
45963
64272
4048
293
557
512
65483
56196

--- Conjunto 214 ---
293
64481
314
64272
4048
56196
45963
557
512
65483
64256
61597

--- Conjunto 215 ---
314
64272
64481
4048
56196
45963

--- Conjunto 216 ---
314
64481
56196
45963
64272
4048

--- Conjunto 217 ---
64481
314
45963
64272
4048
56196

--- Conjunto 218 ---
314
45963
64481
64272
4048
56196

--- Conjunto 219 ---
314
64481
64272
4048
56196
45963
293
316
64888
149
65112
294
557
512
65482

--- Conjunto 220 ---
316
64481
64272
45963
56196
293
508
512
65482
65112
34075
64256
55049
557
374
581
518
64890
373
564
1243
509
519
475
563
520

--- Conjunto 221 ---
293
64481
56196
512
65482
55049
34075
64256
48249
61597
557
373
581
563
439
374
316
64480
518
528
149
64908
426
576
64889
272
527
588
64906
438

--- Conjunto 222 ---
438
64481
459
492
496
439
527
528
149
64889
64908
56196
440
426
427
486
64256
64961
64935
430
508
272
510
509
64945
64907
64900
146

--- Conjunto 223 ---
64481
64945
64908
146
64889
64900
64903
64956
1023999
427
527
440
439
581
563
61597
528
149
426
272
518
588
64906
438
459
492

--- Conjunto 224 ---
459
64481
492
496
438
439
527
528
149
64889
64908
61597
440
426
427
486
64935
430
508
272
510
509
64945
64907
64900
146

--- Conjunto 225 ---
64945
64889
146
64481
64900
64903
64908
64956
427
527
440
439
581
528
373
293
56196
272
508
64480
576
510
64294
534
551
509
64295
264
504
64256
4030
265
25179
5353
26181
24553
62685
49453
10808
63181
33616
43341
34425
24551
24552

--- Conjunto 226 ---
24552
26181
45963
64908
552
504
64294
64295
266
509
507
508
0
576
157
25179
64961
64951
1023999
64907
64900
146
64889
64959
64958

--- Conjunto 227 ---
64889
64959
64295
432
508
430
272
527
490
64908
438
459
492
496
439
56196
293
294
510
25179
1042
64481
64480
534
64294
412
568

--- Conjunto 228 ---
412
568
64295
484
438
64889
64908
272
518
149
426
527
439
581
528
440
432
64959
64951
25179
64961
64956
64900
146
1023999
266
157
64909
1023998
576
507
508
0
510
265
64294
551
534
64480
509
64481
264

--- Conjunto 229 ---
264
504
64480
64294
4030
64481
272
293
518
56196
316
512
65482
61597
64256
48249
65112
557
314
64272
64464
265
510
63987
4087
63986
49190
63990
62193
34902
4044
63467
61594
34900
64908
552
266
509
507
508
0
576
157
64961
64951
1023999
64907
64900
146

--- Conjunto 230 ---
64951
64900
146
64889
64481
64256
64961
64959
64908
64958
64907
1023999
432
508
430
272
509
527
490
438
459
492
496
439

--- Conjunto 231 ---
64481
438
64889
61597
293
294
510
64256
1195
272
412
568
508
484
64908
518
149
426
527
439
581
528
440
432
64959
64951
64961
64956
266
157
64909
1023998
576
507
0
265
64480
504
4044
63467
49190
34900

--- Conjunto 232 ---
4044
49190
63467
34900
64256
63990
34899
63986
62654
60600
62663
63987
65024
62441
552
504
64480
64481
266
509
507
508
0
576
269
273
510
279

--- Conjunto 233 ---
510
273
64481
272
508
577
64480
509
576
279
266
265
504
60600
62654

--- Conjunto 234 ---
60600
62654

--- Conjunto 235 ---
62654
60600

--- Conjunto 236 ---
60600
62654

--- Conjunto 237 ---
60600
62654

--- Conjunto 238 ---
60600
62654

--- Conjunto 239 ---
60600
62654

--- Conjunto 240 ---
60600
62654

--- Conjunto 241 ---
60600
62654

--- Conjunto 242 ---
60600
62654

--- Conjunto 243 ---
60600
62654

--- Conjunto 244 ---
60600
62654

--- Conjunto 245 ---
60600
62654

--- Conjunto 246 ---
60600
62654
62663
63467
4087
552
504
64480
64481
265
507
301
288
510
64256
4014
157
289
511
557
933
1234
34722

--- Conjunto 247 ---
301
64481
64480
1240
157
64464
515
329
63522
64272
517
370
5
34722
65108
64263
4
272
508
576
510
64294
534

--- Conjunto 248 ---
64480
272
551
534
64481
64294
509
64295
264
504
4030
265
510
25179
5353
26181
24552

--- Conjunto 249 ---
26181
24552
25179
5353
24551
49453
10808
63181
33616
62685
12937
22121
24553
552
504
64294
64295
265
270
576
4030
283
63926
282
510
284
65108
64483
60260
577
1210
285

--- Conjunto 250 ---
265
64295
64294
504
26181
25179
5353
63180
62685
10808
24552
24549
55636
24550
63181
33616
22121
24553

--- Conjunto 251 ---
62685
63181
22121
33616
10808
26181
24553
63180
24552
24549
24550

--- Conjunto 252 ---
63181
10808
33616
62685
22121
26181
24553
63180
24552
24549
24550

--- Conjunto 253 ---
26181
63180
62685
10808
24552
24549
24550
63181
33616
22121
24553

--- Conjunto 254 ---
26181
10808
63181
33616
62685
22121
24553
63180
24552
24549
24550

--- Conjunto 255 ---
63181
10808
26181
24553
33616
62685
22121
63180
24552
24549
24550

--- Conjunto 256 ---
10808
26181
24552
24549
24550
63181
33616
62685
22121
24553
63180

--- Conjunto 257 ---
33616
63181
10808
26181
62685
22121
24553
63180
24552
24549
24550

--- Conjunto 258 ---
63181
62685
22121
33616
10808
26181
24553
63180
24552
24549
24550

--- Conjunto 259 ---
10808
26181
63181
33616
62685
22121
24553
63180
24552
24549
24550

--- Conjunto 260 ---
26181
63180
62685
10808
24552
24549
24550
63181
33616
22121
24553

--- Conjunto 261 ---
63181
62685
10808
22121
33616
26181
63180
24552
24549
24550
24553

--- Conjunto 262 ---
10808
63181
33616
62685
22121
26181
24553
63180
24552
24549
24550

--- Conjunto 263 ---
63181
10808
26181
62685
63180
24552
24549
24550
33616
22121
24553

--- Conjunto 264 ---
26181
63180
62685
10808
24552
24549
24550
63181
33616
22121
24553

--- Conjunto 265 ---
26181
10808
63181
33616
62685
22121
24553
63180
24552
24549
24550

--- Conjunto 266 ---
26181
10808
63181
33616
62685
22121
24553
63180
24552
24549
24550

--- Conjunto 267 ---
62685
63181
22121
33616
10808
26181
24553
63180
24552
24549
24550

--- Conjunto 268 ---
26181
10808
63181
33616
62685
22121
24553
63180
24552
24549
24550

--- Conjunto 269 ---
63181
10808
26181
62685
63180
24552
24549
24550
33616
22121
24553

--- Conjunto 270 ---
62685
63181
22121
33616
10808
26181
24553
63180
24552
24549
24550

--- Conjunto 271 ---
26181
63180
62685
10808
24552
24549
24550
63181
33616
22121
24553

--- Conjunto 272 ---
63181
62685
22121
33616
10808
26181
24553
63180
24552
24549
24550

--- Conjunto 273 ---
63181
10808
33616
62685
22121
26181
24553
63180
24552
24549
24550

--- Conjunto 274 ---
26181
10808
63181
33616
62685
22121
63180
24552
24549
24550
24553

--- Conjunto 275 ---
63181
10808
26181
62685
63180
24552
24549
24550
33616
22121
24553

--- Conjunto 276 ---
10808
26181
24552
24549
24550
63181
33616
62685
22121
24553
63180
552
504
64294
64295
266
509
507
508
0
576
269

--- Conjunto 277 ---
64295
269
508
552
0
273
510
266
576
507
279
272
577
64294
509
265
504
26181
62685
10808
24552
24549
24550
63181
33616
22121
24553
63180

--- Conjunto 278 ---
10808
63181
33616
62685
22121
26181
63180
24552
24549
24550
24553

--- Conjunto 279 ---
26181
24552
24549
24550
10808
63181
33616
62685
22121
24553
63180

--- Conjunto 280 ---
63181
62685
10808
22121
33616
26181
63180
24552
24549
24550
24553

--- Conjunto 281 ---
26181
10808
63181
33616
62685
22121
24553
63180
24552
24549
24550

--- Conjunto 282 ---
26181
24552
24549
24550
10808
63181
33616
62685
22121
24553
63180

--- Conjunto 283 ---
63181
62685
10808
22121
33616
26181
63180
24552
24549
24550
24553

--- Conjunto 284 ---
10808
63181
33616
62685
22121
26181
63180
24552
24549
24550
24553

--- Conjunto 285 ---
26181
10808
24552
24549
24550
63181
33616
62685
22121
24553
63180

--- Conjunto 286 ---
26181
10808
63181
33616
62685
22121
24553
63180
24552
24549
24550

--- Conjunto 287 ---
63181
10808
26181
24553
33616
62685
22121
63180
24552
24549
24550

--- Conjunto 288 ---
10808
26181
24552
24549
24550
63181
33616
62685
22121
24553
63180

--- Conjunto 289 ---
10808
26181
24552
24549
24550
63181
33616
62685
22121
24553
63180

--- Conjunto 290 ---
10808
63181
26181
33616
62685
22121
24553
63180
24552
24549
24550

--- Conjunto 291 ---
63181
62685
10808
22121
33616
26181
63180
24552
24549
24550
24553

--- Conjunto 292 ---
26181
10808
63181
33616
62685
22121
24553
63180
24552
24549
24550

--- Conjunto 293 ---
63181
22121
62685
33616
10808
26181
24553
63180
24552
24549
24550

--- Conjunto 294 ---
26181
63180
62685
10808
24552
24549
24550
63181
33616
22121
24553

--- Conjunto 295 ---
63181
62685
22121
33616
10808
26181
24553
63180
24552
24549
24550

--- Conjunto 296 ---
10808
63181
33616
62685
22121
26181
63180
24552
24549
24550
24553

--- Conjunto 297 ---
26181
24552
24549
24550
10808
63181
33616
62685
22121
24553
63180

--- Conjunto 298 ---
10808
63181
33616
62685
22121
26181
24553
63180
24552
24549
24550

--- Conjunto 299 ---
63181
10808
26181
62685
63180
24552
24549
24550
33616
22121
24553

--- Conjunto 300 ---
63181
10808
33616
62685
22121
26181
24553
63180
24552
24549
24550

--- Conjunto 301 ---
26181
10808
63181
33616
62685
22121
63180
24552
24549
24550
24553

--- Conjunto 302 ---
26181
24552
24549
24550
10808
63181
33616
62685
22121
24553
63180

--- Conjunto 303 ---
10808
26181
63181
33616
62685
22121
24553
63180
24552
24549
24550

--- Conjunto 304 ---
63181
62685
10808
22121
33616
26181
63180
24552
24549
24550
24553

--- Conjunto 305 ---
10808
26181
63181
33616
62685
22121
24553
63180
24552
24549
24550

--- Conjunto 306 ---
62685
63181
33616
10808
26181
24553
22121
63180
24552
24549
24550

--- Conjunto 307 ---
26181
10808
24552
24549
24550
63181
33616
62685
22121
24553
63180

--- Conjunto 308 ---
62685
63181
22121
33616
10808
26181
24553
63180
24552
24549
24550

--- Conjunto 309 ---
10808
63181
33616
62685
22121
26181
63180
24552
24549
24550
24553

--- Conjunto 310 ---
26181
24549
24550
10808
24552
63181
33616
62685
22121
24553
63180

--- Conjunto 311 ---
63181
62685
22121
33616
10808
26181
24553
63180
24552
24549
24550

--- Conjunto 312 ---
26181
62685
63180
10808
24552
24549
24550
63181
33616
22121
24553

--- Conjunto 313 ---
63181
10808
33616
62685
22121
26181
24553
63180
24552
24549
24550

--- Conjunto 314 ---
26181
10808
63181
33616
62685
22121
63180
24552
24549
24550
24553

--- Conjunto 315 ---
26181
24552
24549
24550
10808
63181
33616
62685
22121
24553
63180

--- Conjunto 316 ---
26181
10808
63181
33616
62685
22121
24553
63180
24552
24549
24550

--- Conjunto 317 ---
63181
22121
33616
10808
26181
62685
63180
24552
24549
24550
24553

--- Conjunto 318 ---
26181
10808
63181
33616
62685
22121
24553
63180
24552
24549
24550

--- Conjunto 319 ---
63181
10808
26181
24553
33616
62685
22121
63180
24552
24549
24550

--- Conjunto 320 ---
10808
26181
24552
24549
24550
63181
33616
62685
22121
24553
63180

--- Conjunto 321 ---
62685
63181
33616
10808
26181
22121
24553
63180
24552
24549
24550

--- Conjunto 322 ---
63181
62685
10808
22121
33616
26181
63180
24552
24549
24550
24553
552
504
64294
64295
266
509
507
508
0
576
269
273
510
279
272
577

--- Conjunto 323 ---
273
64295
64294
510
508
576
509
279
266
265
504
26181
62685
63180
10808
24552
24549
24550
63181
33616
22121
24553

--- Conjunto 324 ---
26181
10808
63181
33616
62685
22121
24553
63180
24552
24549
24550

--- Conjunto 325 ---
63181
33616
10808
26181
24553
62685
22121
63180
24552
24549
24550

--- Conjunto 326 ---
26181
10808
24552
24549
24550
63181
33616
62685
22121
24553
63180

--- Conjunto 327 ---
22121
63181
62685
33616
10808
26181
24553
63180
24552
24549
24550

--- Conjunto 328 ---
33616
63181
62685
10808
22121
26181
63180
24552
24549
24550
24553

--- Conjunto 329 ---
26181
24550
10808
24552
63181
33616
62685
22121
24553
63180
24549

--- Conjunto 330 ---
63181
62685
22121
33616
10808
26181
24553
63180
24552
24549
24550

--- Conjunto 331 ---
26181
62685
63180
10808
24552
24549
24550
63181
33616
22121
24553

--- Conjunto 332 ---
63181
33616
62685
22121
10808
26181
24553
63180
24552
24549
24550

--- Conjunto 333 ---
10808
26181
63181
33616
62685
22121
63180
24552
24549
24550
24553

--- Conjunto 334 ---
26181
24552
24549
24550
10808
63181
33616
62685
22121
24553
63180

--- Conjunto 335 ---
26181
10808
63181
33616
62685
22121
24553
63180
24552
24549
24550

--- Conjunto 336 ---
63181
33616
10808
26181
62685
63180
24552
24549
24550
22121
24553

--- Conjunto 337 ---
26181
10808
63181
33616
62685
22121
24553
63180
24552
24549
24550

--- Conjunto 338 ---
63181
10808
26181
24553
33616
62685
22121
63180
24552
24549
24550

--- Conjunto 339 ---
10808
26181
24552
24549
24550
63181
33616
62685
22121
24553
63180

--- Conjunto 340 ---
63181
33616
10808
26181
62685
22121
24553
63180
24552
24549
24550

--- Conjunto 341 ---
63181
62685
10808
22121
33616
26181
63180
24552
24549
24550
24553

--- Conjunto 342 ---
10808
26181
24552
63181
33616
62685
22121
24553
63180
24549
24550

--- Conjunto 343 ---
62685
63181
22121
33616
10808
26181
24553
63180
24552
24549
24550

--- Conjunto 344 ---
26181
63180
62685
10808
24552
24549
24550
63181
33616
22121
24553

--- Conjunto 345 ---
63181
62685
22121
33616
10808
26181
24553
63180
24552
24549
24550

--- Conjunto 346 ---
26181
10808
63181
33616
62685
22121
63180
24552
24549
24550
24553

--- Conjunto 347 ---
26181
24552
24549
24550
10808
63181
33616
62685
22121
24553
63180

--- Conjunto 348 ---
10808
63181
33616
62685
22121
26181
24553
63180
24552
24549
24550

--- Conjunto 349 ---
63181
10808
26181
62685
63180
24552
24549
24550
33616
22121
24553

--- Conjunto 350 ---
26181
10808
63181
33616
62685
22121
24553
63180
24552
24549
24550

--- Conjunto 351 ---
63181
10808
26181
24553
33616
62685
22121
63180
24552
24549
24550

--- Conjunto 352 ---
10808
26181
24552
24549
24550
63181
33616
62685
22121
24553
63180

--- Conjunto 353 ---
63181
10808
26181
33616
62685
22121
24553
63180
24552
24549
24550

--- Conjunto 354 ---
62685
63181
10808
22121
33616
26181
63180
24552
24549
24550
24553

--- Conjunto 355 ---
26181
10808
63181
33616
62685
22121
24553
63180
24552
24549
24550

--- Conjunto 356 ---
63181
62685
22121
33616
10808
26181
24553
63180
24552
24549
24550

--- Conjunto 357 ---
26181
63180
62685
10808
24552
24549
24550
63181
33616
22121
24553

--- Conjunto 358 ---
63181
62685
22121
33616
10808
26181
24553
63180
24552
24549
24550

--- Conjunto 359 ---
10808
63181
33616
62685
22121
26181
63180
24552
24549
24550
24553

--- Conjunto 360 ---
26181
24552
24549
24550
10808
63181
33616
62685
22121
24553
63180

--- Conjunto 361 ---
10808
63181
33616
62685
22121
26181
24553
63180
24552
24549
24550

--- Conjunto 362 ---
63181
10808
26181
62685
63180
24552
24549
24550
33616
22121
24553

--- Conjunto 363 ---
26181
10808
63181
33616
62685
22121
24553
63180
24552
24549
24550

--- Conjunto 364 ---
24553
26181
10808
63181
33616
62685
22121
63180
24552
24549
24550

--- Conjunto 365 ---
10808
26181
24552
24549
24550
63181
33616
62685
22121
24553
63180

--- Conjunto 366 ---
10808
63181
26181
33616
62685
22121
24553
63180
24552
24549
24550

--- Conjunto 367 ---
63181
62685
10808
22121
33616
26181
63180
24552
24549
24550
24553

--- Conjunto 368 ---
10808
26181
63181
33616
62685
22121
24553
552
504
64294
64295
266
509
507
508
0
576
269
273
510
279
272
577
265
63180
24552
24549
24550

--- Conjunto 369 ---
26181
10808
63181
33616
62685
22121
24553
63180
24552
24549
24550

--- Conjunto 370 ---
26181
10808
63181
33616
62685
22121
24553
63180
24552
24549
24550

--- Conjunto 371 ---
24553
26181
10808
63181
33616
62685
22121
63180
24552
24549
24550

--- Conjunto 372 ---
10808
26181
24552
24549
24550
63181
33616
62685
22121
24553
63180

--- Conjunto 373 ---
10808
63181
26181
33616
62685
22121
24553
63180
24552
24549
24550

--- Conjunto 374 ---
63181
62685
10808
22121
33616
26181
63180
24552
24549
24550
24553

--- Conjunto 375 ---
10808
26181
63181
33616
62685
22121
24553
63180
24552
24549
24550

--- Conjunto 376 ---
63181
62685
33616
10808
26181
24553
22121
63180
24552
24549
24550

--- Conjunto 377 ---
26181
62685
10808
24552
24549
24550
63181
33616
22121
24553
63180

--- Conjunto 378 ---
63181
62685
22121
33616
10808
26181
24553
63180
24552
24549
24550

--- Conjunto 379 ---
10808
63181
33616
62685
22121
26181
63180
24552
24549
24550
24553

--- Conjunto 380 ---
26181
24552
24549
24550
10808
63181
33616
62685
22121
24553
63180

--- Conjunto 381 ---
33616
63181
62685
22121
10808
26181
24553
63180
24552
24549
24550

--- Conjunto 382 ---
26181
62685
63180
10808
24552
24549
24550
63181
33616
22121
24553

--- Conjunto 383 ---
63181
10808
33616
62685
22121
26181
24553
63180
24552
24549
24550

--- Conjunto 384 ---
26181
10808
63181
33616
62685
22121
63180
24552
24549
24550
24553

--- Conjunto 385 ---
26181
24552
24549
24550
10808
63181
33616
62685
22121
24553
63180

--- Conjunto 386 ---
26181
10808
63181
33616
62685
22121
24553
63180
24552
24549
24550

--- Conjunto 387 ---
63181
10808
22121
33616
26181
62685
63180
24552
24549
24550
24553

--- Conjunto 388 ---
26181
10808
63181
33616
62685
22121
24553
63180
24552
24549
24550

--- Conjunto 389 ---
63181
33616
10808
26181
24553
62685
22121
63180
24552
24549
24550

--- Conjunto 390 ---
26181
10808
24552
24549
24550
63181
33616
62685
22121
24553
63180

--- Conjunto 391 ---
22121
63181
62685
33616
10808
26181
24553
63180
24552
24549
24550

--- Conjunto 392 ---
33616
63181
62685
10808
22121
26181
63180
24552
24549
24550
24553

--- Conjunto 393 ---
26181
24550
10808
24552
63181
33616
62685
22121
24553
63180
24549

--- Conjunto 394 ---
63181
62685
22121
33616
10808
26181
24553
63180
24552
24549
24550

--- Conjunto 395 ---
26181
62685
63180
10808
24552
24549
24550
63181
33616
22121
24553

--- Conjunto 396 ---
63181
33616
62685
22121
10808
26181
24553
63180
24552
24549
24550

--- Conjunto 397 ---
10808
26181
63181
33616
62685
22121
63180
24552
24549
24550
24553

--- Conjunto 398 ---
26181
24552
24549
24550
10808
63181
33616
62685
22121
24553
63180

--- Conjunto 399 ---
26181
10808
63181
33616
62685
22121
24553
63180
24552
24549
24550

--- Conjunto 400 ---
63181
33616
10808
26181
62685
63180
24552
24549
24550
22121
24553

--- Conjunto 401 ---
26181
10808
63181
33616
62685
22121
24553
63180
24552
24549
24550

--- Conjunto 402 ---
63181
10808
26181
24553
33616
62685
22121
63180
24552
24549
24550

--- Conjunto 403 ---
10808
26181
24552
24549
24550
63181
33616
62685
22121
24553
63180

--- Conjunto 404 ---
63181
33616
10808
26181
62685
22121
24553
63180
24552
24549
24550

--- Conjunto 405 ---
63181
62685
10808
22121
33616
26181
63180
24552
24549
24550
24553

--- Conjunto 406 ---
10808
26181
24552
63181
33616
62685
22121
24553
63180
24549
24550

--- Conjunto 407 ---
62685
63181
22121
33616
10808
26181
24553
63180
24552
24549
24550

--- Conjunto 408 ---
26181
63180
62685
10808
24552
24549
24550
63181
33616
22121
24553

--- Conjunto 409 ---
26181
63180
62685
10808
24552
24549
24550
63181
33616
22121
24553

--- Conjunto 410 ---
63181
62685
22121
33616
10808
26181
24553
63180
24552
24549
24550

--- Conjunto 411 ---
63181
10808
33616
62685
22121
26181
63180
24552
24549
24550
24553

--- Conjunto 412 ---
26181
24552
24549
24550
10808
63181
33616
62685
22121
24553
63180

--- Conjunto 413 ---
10808
63181
33616
62685
22121
26181
24553
63180
24552
24549
24550
552
504
64294
64295
266
509
507
508
0
576
269
273
510

--- Conjunto 414 ---
269
508
64295
266
576
507
0
510
279
273
272
577
64294
509
265
504
63181
62685
10808
22121
33616
26181
63180
24552
24549
24550
24553

--- Conjunto 415 ---
26181
63180
62685
10808
24552
24549
24550
63181
33616
22121
24553

--- Conjunto 416 ---
63181
62685
22121
33616
10808
26181
24553
63180
24552
24549
24550

--- Conjunto 417 ---
26181
10808
63181
33616
62685
22121
63180
24552
24549
24550
24553

--- Conjunto 418 ---
26181
24552
24549
24550
10808
63181
33616
62685
22121
24553
63180

--- Conjunto 419 ---
10808
63181
33616
62685
22121
26181
24553
63180
24552
24549
24550

--- Conjunto 420 ---
63181
10808
26181
62685
63180
24552
24549
24550
33616
22121
24553

--- Conjunto 421 ---
26181
10808
63181
33616
62685
22121
24553
63180
24552
24549
24550

--- Conjunto 422 ---
63181
10808
26181
24553
33616
62685
22121
63180
24552
24549
24550

--- Conjunto 423 ---
10808
26181
24552
24549
24550
63181
33616
62685
22121
24553
63180

--- Conjunto 424 ---
63181
10808
26181
33616
62685
22121
24553
63180
24552
24549
24550

--- Conjunto 425 ---
62685
63181
10808
22121
33616
26181
63180
24552
24549
24550
24553

--- Conjunto 426 ---
26181
10808
63181
33616
62685
22121
24553
63180
24552
24549
24550

--- Conjunto 427 ---
63181
62685
22121
33616
10808
26181
24553
63180
24552
24549
24550

--- Conjunto 428 ---
26181
63180
62685
10808
24552
24549
24550
63181
33616
22121
24553

--- Conjunto 429 ---
63181
62685
22121
33616
10808
26181
24553
63180
24552
24549
24550

--- Conjunto 430 ---
10808
63181
33616
62685
22121
26181
63180
24552
24549
24550
24553

--- Conjunto 431 ---
26181
24552
24549
24550
10808
63181
33616
62685
22121
24553
63180

--- Conjunto 432 ---
10808
63181
33616
62685
22121
26181
24553
63180
24552
24549
24550

--- Conjunto 433 ---
63181
10808
26181
62685
63180
24552
24549
24550
33616
22121
24553

--- Conjunto 434 ---
26181
10808
63181
33616
62685
22121
24553
63180
24552
24549
24550

--- Conjunto 435 ---
24553
26181
10808
63181
33616
62685
22121
63180
24552
24549
24550

--- Conjunto 436 ---
10808
26181
24552
24549
24550
63181
33616
62685
22121
24553
63180

--- Conjunto 437 ---
10808
63181
26181
33616
62685
22121
24553
63180
24552
24549
24550

--- Conjunto 438 ---
63181
62685
10808
22121
33616
26181
63180
24552
24549
24550
24553

--- Conjunto 439 ---
10808
26181
63181
33616
62685
22121
24553
63180
24552
24549
24550

--- Conjunto 440 ---
63181
62685
33616
10808
26181
24553
22121
63180
24552
24549
24550

--- Conjunto 441 ---
26181
62685
10808
24552
24549
24550
63181
33616
22121
24553
63180

--- Conjunto 442 ---
63181
62685
22121
33616
10808
26181
24553
63180
24552
24549
24550

--- Conjunto 443 ---
10808
63181
33616
62685
22121
26181
63180
24552
24549
24550
24553

--- Conjunto 444 ---
26181
24552
24549
24550
10808
63181
33616
62685
22121
24553
63180

--- Conjunto 445 ---
33616
63181
62685
22121
10808
26181
24553
63180
24552
24549
24550

--- Conjunto 446 ---
26181
62685
63180
10808
24552
24549
24550
63181
33616
22121
24553

--- Conjunto 447 ---
63181
10808
33616
62685
22121
26181
24553
63180
24552
24549
24550

--- Conjunto 448 ---
26181
10808
63181
33616
62685
22121
63180
24552
24549
24550
24553

--- Conjunto 449 ---
26181
24552
24549
24550
10808
63181
33616
62685
22121
24553
63180

--- Conjunto 450 ---
26181
10808
63181
33616
62685
22121
24553
63180
24552
24549
24550

--- Conjunto 451 ---
63181
10808
22121
33616
26181
62685
63180
24552
24549
24550
24553

--- Conjunto 452 ---
26181
10808
63181
33616
62685
22121
24553
63180
24552
24549
24550

--- Conjunto 453 ---
63181
33616
10808
26181
24553
62685
22121
63180
24552
24549
24550

--- Conjunto 454 ---
26181
10808
24552
24549
24550
63181
33616
62685
22121
24553
63180

--- Conjunto 455 ---
22121
63181
62685
33616
10808
26181
24553
63180
24552
24549
24550

--- Conjunto 456 ---
33616
63181
62685
10808
22121
26181
63180
24552
24549
24550
24553

--- Conjunto 457 ---
26181
24550
10808
24552
63181
33616
62685
22121
24553
63180
24549

--- Conjunto 458 ---
63181
62685
22121
33616
10808
26181
24553
63180
24552
24549
24550

--- Conjunto 459 ---
26181
62685
63180
10808
24552
24549
24550
63181
33616
22121
24553
552
504
64294
64295
266
509
507
508
0
576
269
273
510
279
272
577

--- Conjunto 460 ---
273
508
576
510
509
64295
279
266
265
64294
504
63181
62685
22121
33616
10808
26181
24553
63180
24552
24549
24550

--- Conjunto 461 ---
62685
63181
22121
33616
10808
26181
24553
63180
24552
24549
24550

--- Conjunto 462 ---
10808
63181
33616
62685
22121
26181
63180
24552
24549
24550
24553

--- Conjunto 463 ---
26181
24549
24550
10808
24552
63181
33616
62685
22121
24553
63180

--- Conjunto 464 ---
63181
62685
22121
33616
10808
26181
24553
63180
24552
24549
24550

--- Conjunto 465 ---
26181
62685
63180
10808
24552
24549
24550
63181
33616
22121
24553

--- Conjunto 466 ---
63181
10808
33616
62685
22121
26181
24553
63180
24552
24549
24550

--- Conjunto 467 ---
26181
10808
63181
33616
62685
22121
63180
24552
24549
24550
24553

--- Conjunto 468 ---
26181
24552
24549
24550
10808
63181
33616
62685
22121
24553
63180

--- Conjunto 469 ---
26181
10808
63181
33616
62685
22121
24553
63180
24552
24549
24550

--- Conjunto 470 ---
63181
22121
33616
10808
26181
62685
63180
24552
24549
24550
24553

--- Conjunto 471 ---
26181
10808
63181
33616
62685
22121
24553
63180
24552
24549
24550

--- Conjunto 472 ---
63181
10808
26181
24553
33616
62685
22121
63180
24552
24549
24550

--- Conjunto 473 ---
10808
26181
24552
24549
24550
63181
33616
62685
22121
24553
63180

--- Conjunto 474 ---
62685
63181
33616
10808
26181
22121
24553
63180
24552
24549
24550

--- Conjunto 475 ---
63181
62685
10808
22121
33616
26181
63180
24552
24549
24550
24553

--- Conjunto 476 ---
26181
10808
24552
63181
33616
62685
22121
24553
63180
24549
24550

--- Conjunto 477 ---
63181
62685
22121
33616
10808
26181
24553
63180
24552
24549
24550

--- Conjunto 478 ---
62685
26181
63180
10808
24552
24549
24550
63181
33616
22121
24553

--- Conjunto 479 ---
63181
62685
22121
33616
10808
26181
24553
63180
24552
24549
24550

--- Conjunto 480 ---
26181
10808
63181
33616
62685
22121
63180
24552
24549
24550
24553

--- Conjunto 481 ---
24552
26181
24549
24550
10808
63181
33616
62685
22121
24553
63180

--- Conjunto 482 ---
10808
26181
63181
33616
62685
22121
24553
63180
24552
24549
24550

--- Conjunto 483 ---
33616
63181
10808
26181
62685
63180
24552
24549
24550
22121
24553

--- Conjunto 484 ---
26181
10808
63181
33616
62685
22121
24553
63180
24552
24549
24550

--- Conjunto 485 ---
63181
10808
26181
24553
33616
62685
22121
63180
24552
24549
24550

--- Conjunto 486 ---
10808
26181
24552
24549
24550
63181
33616
62685
22121
24553
63180

--- Conjunto 487 ---
33616
63181
10808
26181
62685
22121
24553
63180
24552
24549
24550

--- Conjunto 488 ---
63181
62685
10808
22121
33616
26181
63180
24552
24549
24550
24553

--- Conjunto 489 ---
24552
26181
10808
63181
33616
62685
22121
24553
63180
24549
24550

--- Conjunto 490 ---
62685
63181
22121
33616
10808
26181
24553
63180
24552
24549
24550

--- Conjunto 491 ---
26181
63180
62685
10808
24552
24549
24550
63181
33616
22121
24553

--- Conjunto 492 ---
63181
62685
22121
33616
10808
26181
24553
63180
24552
24549
24550

--- Conjunto 493 ---
63181
10808
33616
62685
22121
26181
63180
24552
24549
24550
24553

--- Conjunto 494 ---
26181
24552
24549
24550
10808
63181
33616
62685
22121
24553
63180

--- Conjunto 495 ---
10808
63181
33616
62685
22121
26181
24553
63180
24552
24549
24550

--- Conjunto 496 ---
63181
10808
26181
62685
63180
24552
24549
24550
33616
22121
24553

--- Conjunto 497 ---
26181
10808
63181
33616
62685
22121
24553
63180
24552
24549
24550

--- Conjunto 498 ---
26181
24553
10808
63181
33616
62685
22121
63180
24552
24549
24550

--- Conjunto 499 ---
10808
26181
24552
24549
24550
63181
33616
62685
22121
24553
63180

--- Conjunto 500 ---
10808
63181
26181
33616
62685
22121
24553
63180
24552
24549
24550

--- Conjunto 501 ---
63181
62685
10808
22121
33616
26181
63180
24552
24549
24550
24553

--- Conjunto 502 ---
63181
62685
10808
22121
33616
26181
63180
24552
24549
24550
24553

--- Conjunto 503 ---
10808
26181
63181
33616
62685
22121
24553
63180
24552
24549
24550

--- Conjunto 504 ---
63181
62685
33616
10808
26181
24553
22121
63180
24552
24549
24550

--- Conjunto 505 ---
26181
62685
552
504
64294
64295
266
509
507
508
0
576
269
273
510
279
272
577
265
10808
24552
24549
24550
63181
33616
22121
24553
63180

--- Conjunto 506 ---
10808
26181
24552
24549
24550
63181
33616
62685
22121
24553
63180

--- Conjunto 507 ---
10808
63181
26181
33616
62685
22121
24553
63180
24552
24549
24550

--- Conjunto 508 ---
63181
62685
10808
22121
33616
26181
63180
24552
24549
24550
24553

--- Conjunto 509 ---
26181
10808
63181
33616
62685
22121
24553
63180
24552
24549
24550

--- Conjunto 510 ---
63181
22121
62685
33616
10808
26181
24553
63180
24552
24549
24550

--- Conjunto 511 ---
26181
63180
62685
10808
24552
24549
24550
63181
33616
22121
24553

--- Conjunto 512 ---
63181
62685
22121
33616
10808
26181
24553
63180
24552
24549
24550

--- Conjunto 513 ---
10808
63181
33616
62685
22121
26181
63180
24552
24549
24550
24553

--- Conjunto 514 ---
26181
24552
24549
24550
10808
63181
33616
62685
22121
24553
63180

--- Conjunto 515 ---
10808
63181
33616
62685
22121
26181
24553
63180
24552
24549
24550

--- Conjunto 516 ---
63181
10808
26181
62685
63180
24552
24549
24550
33616
22121
24553

--- Conjunto 517 ---
63181
10808
33616
62685
22121
26181
24553
63180
24552
24549
24550

--- Conjunto 518 ---
26181
10808
63181
33616
62685
22121
63180
24552
24549
24550
24553

--- Conjunto 519 ---
26181
24552
24549
24550
10808
63181
33616
62685
22121
24553
63180

--- Conjunto 520 ---
10808
26181
63181
33616
62685
22121
24553
63180
24552
24549
24550

--- Conjunto 521 ---
63181
62685
10808
22121
33616
26181
63180
24552
24549
24550
24553

--- Conjunto 522 ---
10808
26181
63181
33616
62685
22121
24553
63180
24552
24549
24550

--- Conjunto 523 ---
62685
63181
33616
10808
26181
24553
22121
63180
24552
24549
24550

--- Conjunto 524 ---
26181
10808
24552
24549
24550
63181
33616
62685
22121
24553
63180

--- Conjunto 525 ---
62685
63181
22121
33616
10808
26181
24553
63180
24552
24549
24550

--- Conjunto 526 ---
10808
63181
33616
62685
22121
26181
63180
24552
24549
24550
24553

--- Conjunto 527 ---
26181
24549
24550
10808
24552
63181
33616
62685
22121
24553
63180

--- Conjunto 528 ---
63181
62685
22121
33616
10808
26181
24553
63180
24552
24549
24550

--- Conjunto 529 ---
26181
62685
63180
10808
24552
24549
24550
63181
33616
22121
24553

--- Conjunto 530 ---
63181
10808
33616
62685
22121
26181
24553
63180
24552
24549
24550

--- Conjunto 531 ---
26181
10808
63181
33616
62685
22121
63180
24552
24549
24550
24553

--- Conjunto 532 ---
26181
24552
24549
24550
10808
63181
33616
62685
22121
24553
63180

--- Conjunto 533 ---
26181
10808
63181
33616
62685
22121
24553
63180
24552
24549
24550

--- Conjunto 534 ---
63181
22121
33616
10808
26181
62685
63180
24552
24549
24550
24553

--- Conjunto 535 ---
26181
10808
63181
33616
62685
22121
24553
63180
24552
24549
24550

--- Conjunto 536 ---
63181
10808
26181
24553
33616
62685
22121
63180
24552
24549
24550

--- Conjunto 537 ---
10808
26181
24552
24549
24550
63181
33616
62685
22121
24553
63180

--- Conjunto 538 ---
62685
63181
33616
10808
26181
22121
24553
63180
24552
24549
24550

--- Conjunto 539 ---
63181
62685
10808
22121
33616
26181
63180
24552
24549
24550
24553

--- Conjunto 540 ---
26181
10808
24552
63181
33616
62685
22121
24553
63180
24549
24550

--- Conjunto 541 ---
63181
62685
22121
33616
10808
26181
24553
63180
24552
24549
24550

--- Conjunto 542 ---
62685
26181
63180
10808
24552
24549
24550
63181
33616
22121
24553

--- Conjunto 543 ---
63181
62685
22121
33616
10808
26181
24553
63180
24552
24549
24550

--- Conjunto 544 ---
26181
10808
63181
33616
62685
22121
63180
24552
24549
24550
24553

--- Conjunto 545 ---
24552
26181
24549
24550
10808
63181
33616
62685
22121
24553
63180

--- Conjunto 546 ---
10808
26181
63181
33616
62685
22121
24553
63180
24552
24549
24550

--- Conjunto 547 ---
33616
63181
10808
26181
62685
63180
24552
24549
24550
22121
24553

--- Conjunto 548 ---
26181
10808
63181
33616
62685
22121
24553
63180
24552
24549
24550

--- Conjunto 549 ---
63181
10808
26181
24553
33616
62685
22121
63180
24552
24549
24550

--- Conjunto 550 ---
10808
26181
24552
24549
24550
63181
33616
62685
22121
24553
63180
552
504
64294
64295
266
509
507
508
0
576
269
273
510
279

--- Conjunto 551 ---
510
279
576
64295
273
272
508
577
64294
509
4001
4000
534
266
265
551
264
504
4030
506
288
511
518

--- Conjunto 552 ---
272
4001
4000
64294
64295
264
504
506
4030
265
510
25179
5353
63181
62685
49453
10808
12937
22121
33616
26181
63180
24552
24549
55636
24550
24553

--- Conjunto 553 ---
10808
63181
33616
62685
22121
26181
24553
63180
24552
24549
24550

--- Conjunto 554 ---
63181
10808
26181
62685
63180
24552
24549
24550
33616
22121
24553

--- Conjunto 555 ---
26181
10808
63181
33616
62685
22121
24553
63180
24552
24549
24550

--- Conjunto 556 ---
24553
26181
10808
63181
33616
62685
22121
63180
24552
24549
24550

--- Conjunto 557 ---
10808
26181
24552
24549
24550
63181
33616
62685
22121
24553
63180

--- Conjunto 558 ---
10808
63181
26181
33616
62685
22121
24553
63180
24552
24549
24550

--- Conjunto 559 ---
63181
62685
10808
22121
33616
26181
63180
24552
24549
24550
24553

--- Conjunto 560 ---
10808
26181
63181
33616
62685
22121
24553
63180
24552
24549
24550

--- Conjunto 561 ---
63181
62685
33616
10808
26181
24553
22121
63180
24552
24549
24550

--- Conjunto 562 ---
26181
62685
10808
24552
24549
24550
63181
33616
22121
24553
63180

--- Conjunto 563 ---
63181
62685
22121
33616
10808
26181
24553
63180
24552
24549
24550

--- Conjunto 564 ---
10808
63181
33616
62685
22121
26181
63180
24552
24549
24550
24553

--- Conjunto 565 ---
26181
24552
24549
24550
10808
63181
33616
62685
22121
24553
63180

--- Conjunto 566 ---
33616
63181
62685
22121
10808
26181
24553
63180
24552
24549
24550

--- Conjunto 567 ---
26181
62685
63180
10808
24552
24549
24550
63181
33616
22121
24553

--- Conjunto 568 ---
63181
10808
33616
62685
22121
26181
24553
63180
24552
24549
24550

--- Conjunto 569 ---
26181
10808
63181
33616
62685
22121
63180
24552
24549
24550
24553

--- Conjunto 570 ---
26181
24552
24549
24550
10808
63181
33616
62685
22121
24553
63180

--- Conjunto 571 ---
26181
10808
63181
33616
62685
22121
24553
63180
24552
24549
24550

--- Conjunto 572 ---
63181
10808
22121
33616
26181
62685
63180
24552
24549
24550
24553

--- Conjunto 573 ---
26181
10808
63181
33616
62685
22121
24553
63180
24552
24549
24550

--- Conjunto 574 ---
63181
33616
10808
26181
24553
62685
22121
63180
24552
24549
24550

--- Conjunto 575 ---
26181
10808
24552
24549
24550
63181
33616
62685
22121
24553
63180

--- Conjunto 576 ---
22121
63181
62685
33616
10808
26181
24553
63180
24552
24549
24550

--- Conjunto 577 ---
33616
63181
62685
10808
22121
26181
63180
24552
24549
24550
24553

--- Conjunto 578 ---
26181
24550
10808
24552
63181
33616
62685
22121
24553
63180
24549

--- Conjunto 579 ---
63181
62685
22121
33616
10808
26181
24553
63180
24552
24549
24550

--- Conjunto 580 ---
26181
62685
63180
10808
24552
24549
24550
63181
33616
22121
24553

--- Conjunto 581 ---
63181
33616
62685
22121
10808
26181
24553
63180
24552
24549
24550

--- Conjunto 582 ---
10808
26181
63181
33616
62685
22121
63180
24552
24549
24550
24553

--- Conjunto 583 ---
26181
24552
24549
24550
10808
63181
33616
62685
22121
24553
63180

--- Conjunto 584 ---
26181
10808
63181
33616
62685
22121
24553
63180
24552
24549
24550

--- Conjunto 585 ---
63181
33616
10808
26181
62685
63180
24552
24549
24550
22121
24553

--- Conjunto 586 ---
26181
10808
63181
33616
62685
22121
24553
63180
24552
24549
24550

--- Conjunto 587 ---
63181
10808
26181
24553
33616
62685
22121
63180
24552
24549
24550

--- Conjunto 588 ---
10808
26181
24552
24549
24550
63181
33616
62685
22121
24553
63180

--- Conjunto 589 ---
63181
33616
10808
26181
62685
22121
24553
63180
24552
24549
24550

--- Conjunto 590 ---
63181
62685
10808
22121
33616
26181
63180
24552
24549
24550
24553

--- Conjunto 591 ---
10808
26181
24552
63181
33616
62685
22121
24553
63180
24549
24550

--- Conjunto 592 ---
62685
63181
22121
33616
10808
26181
24553
63180
24552
24549
24550

--- Conjunto 593 ---
26181
63180
62685
10808
24552
24549
24550
63181
33616
22121
24553

--- Conjunto 594 ---
63181
62685
22121
33616
10808
26181
24553
63180
24552
24549
24550

--- Conjunto 595 ---
26181
10808
63181
33616
62685
22121
63180
24552
24549
24550
24553

--- Conjunto 596 ---
26181
24552
24549
24550
10808
63181
33616
62685
22121
24553
63180
552
504
64294
64295
266
509
507
508
0
576
269
273
510
279
272
577
265

--- Conjunto 597 ---
64295
265
504
26181
10808
63181
33616
62685
22121
24553
63180
24552
24549
24550

--- Conjunto 598 ---
63181
62685
22121
33616
10808
26181
24553
63180
24552
24549
24550

--- Conjunto 599 ---
62685
26181
63180
10808
24552
24549
24550
63181
33616
22121
24553

--- Conjunto 600 ---
63181
62685
22121
33616
10808
26181
24553
63180
24552
24549
24550

--- Conjunto 601 ---
26181
10808
63181
33616
62685
22121
63180
24552
24549
24550
24553

--- Conjunto 602 ---
24552
26181
24549
24550
10808
63181
33616
62685
22121
24553
63180

--- Conjunto 603 ---
10808
26181
63181
33616
62685
22121
24553
63180
24552
24549
24550

--- Conjunto 604 ---
33616
63181
10808
26181
62685
63180
24552
24549
24550
22121
24553

--- Conjunto 605 ---
26181
10808
63181
33616
62685
22121
24553
63180
24552
24549
24550

--- Conjunto 606 ---
63181
10808
26181
24553
33616
62685
22121
63180
24552
24549
24550

--- Conjunto 607 ---
10808
26181
24552
24549
24550
63181
33616
62685
22121
24553
63180

--- Conjunto 608 ---
33616
63181
10808
26181
62685
22121
24553
63180
24552
24549
24550

--- Conjunto 609 ---
63181
62685
10808
22121
33616
26181
63180
24552
24549
24550
24553

--- Conjunto 610 ---
24552
26181
10808
63181
33616
62685
22121
24553
63180
24549
24550

--- Conjunto 611 ---
62685
63181
22121
33616
10808
26181
24553
63180
24552
24549
24550

--- Conjunto 612 ---
26181
63180
62685
10808
24552
24549
24550
63181
33616
22121
24553

--- Conjunto 613 ---
63181
62685
22121
33616
10808
26181
24553
63180
24552
24549
24550

--- Conjunto 614 ---
63181
10808
33616
62685
22121
26181
63180
24552
24549
24550
24553

--- Conjunto 615 ---
26181
24552
24549
24550
10808
63181
33616
62685
22121
24553
63180

--- Conjunto 616 ---
10808
63181
33616
62685
22121
26181
24553
63180
24552
24549
24550

--- Conjunto 617 ---
63181
10808
26181
62685
63180
24552
24549
24550
33616
22121
24553

--- Conjunto 618 ---
26181
10808
63181
33616
62685
22121
24553
63180
24552
24549
24550

--- Conjunto 619 ---
26181
24553
10808
63181
33616
62685
22121
63180
24552
24549
24550

--- Conjunto 620 ---
24553
26181
10808
63181
33616
62685
22121
63180
24552
24549
24550

--- Conjunto 621 ---
10808
26181
24552
24549
24550
63181
33616
62685
22121
24553
63180

--- Conjunto 622 ---
10808
63181
26181
33616
62685
22121
24553
63180
24552
24549
24550

--- Conjunto 623 ---
63181
62685
10808
22121
33616
26181
63180
24552
24549
24550
24553

--- Conjunto 624 ---
10808
26181
63181
33616
62685
22121
24553
63180
24552
24549
24550

--- Conjunto 625 ---
63181
62685
33616
10808
26181
24553
22121
63180
24552
24549
24550

--- Conjunto 626 ---
26181
62685
10808
24552
24549
24550
63181
33616
22121
24553
63180

--- Conjunto 627 ---
63181
62685
22121
33616
10808
26181
24553
63180
24552
24549
24550

--- Conjunto 628 ---
10808
63181
33616
62685
22121
26181
63180
24552
24549
24550
24553

--- Conjunto 629 ---
26181
24552
24549
24550
10808
63181
33616
62685
22121
24553
63180

--- Conjunto 630 ---
33616
63181
62685
22121
10808
26181
24553
63180
24552
24549
24550

--- Conjunto 631 ---
26181
62685
63180
10808
24552
24549
24550
63181
33616
22121
24553

--- Conjunto 632 ---
63181
10808
33616
62685
22121
26181
24553
63180
24552
24549
24550

--- Conjunto 633 ---
26181
10808
63181
33616
62685
22121
63180
24552
24549
24550
24553

--- Conjunto 634 ---
26181
24552
24549
24550
10808
63181
33616
62685
22121
24553
63180

--- Conjunto 635 ---
26181
10808
63181
33616
62685
22121
24553
63180
24552
24549
24550

--- Conjunto 636 ---
63181
10808
22121
33616
26181
62685
63180
24552
24549
24550
24553

--- Conjunto 637 ---
26181
10808
63181
33616
62685
22121
24553
63180
24552
24549
24550

--- Conjunto 638 ---
63181
33616
10808
26181
24553
62685
22121
63180
24552
24549
24550

--- Conjunto 639 ---
26181
10808
24552
24549
24550
63181
33616
62685
22121
24553
63180

--- Conjunto 640 ---
22121
63181
62685
33616
10808
26181
24553
63180
24552
24549
24550

--- Conjunto 641 ---
33616
63181
62685
10808
22121
26181
63180
24552
24549
24550
24553
552
504
64294
64295
266
509
507
508
0

--- Conjunto 642 ---
266
64295
576
508
269
552
0
273
510
507
279
272
577
64294
509
265
504
26181
24553
10808
63181
33616
62685
22121
63180
24552
24549
24550

--- Conjunto 643 ---
10808
26181
63181
33616
62685
22121
24553
63180
24552
24549
24550

--- Conjunto 644 ---
62685
63181
33616
10808
26181
24553
22121
63180
24552
24549
24550

--- Conjunto 645 ---
26181
10808
24552
24549
24550
63181
33616
62685
22121
24553
63180

--- Conjunto 646 ---
62685
63181
22121
33616
10808
26181
24553
63180
24552
24549
24550

--- Conjunto 647 ---
10808
63181
33616
62685
22121
26181
63180
24552
24549
24550
24553

--- Conjunto 648 ---
26181
24549
24550
10808
24552
63181
33616
62685
22121
24553
63180

--- Conjunto 649 ---
63181
62685
22121
33616
10808
26181
24553
63180
24552
24549
24550

--- Conjunto 650 ---
26181
62685
63180
10808
24552
24549
24550
63181
33616
22121
24553

--- Conjunto 651 ---
63181
10808
33616
62685
22121
26181
24553
63180
24552
24549
24550

--- Conjunto 652 ---
26181
10808
63181
33616
62685
22121
63180
24552
24549
24550
24553

--- Conjunto 653 ---
26181
24552
24549
24550
10808
63181
33616
62685
22121
24553
63180

--- Conjunto 654 ---
26181
10808
63181
33616
62685
22121
24553
63180
24552
24549
24550

--- Conjunto 655 ---
63181
22121
33616
10808
26181
62685
63180
24552
24549
24550
24553

--- Conjunto 656 ---
26181
10808
63181
33616
62685
22121
24553
63180
24552
24549
24550

--- Conjunto 657 ---
63181
10808
26181
24553
33616
62685
22121
63180
24552
24549
24550

--- Conjunto 658 ---
10808
26181
24552
24549
24550
63181
33616
62685
22121
24553
63180

--- Conjunto 659 ---
62685
63181
33616
10808
26181
22121
24553
63180
24552
24549
24550

--- Conjunto 660 ---
63181
62685
10808
22121
33616
26181
63180
24552
24549
24550
24553

--- Conjunto 661 ---
26181
10808
24552
63181
33616
62685
22121
24553
63180
24549
24550

--- Conjunto 662 ---
63181
62685
22121
33616
10808
26181
24553
63180
24552
24549
24550

--- Conjunto 663 ---
62685
26181
63180
10808
24552
24549
24550
63181
33616
22121
24553

--- Conjunto 664 ---
63181
62685
22121
33616
10808
26181
24553
63180
24552
24549
24550

--- Conjunto 665 ---
26181
10808
63181
33616
62685
22121
63180
24552
24549
24550
24553

--- Conjunto 666 ---
24552
26181
24549
24550
10808
63181
33616
62685
22121
24553
63180

--- Conjunto 667 ---
10808
26181
63181
33616
62685
22121
24553
63180
24552
24549
24550

--- Conjunto 668 ---
33616
63181
10808
26181
62685
63180
24552
24549
24550
22121
24553

--- Conjunto 669 ---
26181
10808
63181
33616
62685
22121
24553
63180
24552
24549
24550

--- Conjunto 670 ---
63181
10808
26181
24553
33616
62685
22121
63180
24552
24549
24550

--- Conjunto 671 ---
10808
26181
24552
24549
24550
63181
33616
62685
22121
24553
63180

--- Conjunto 672 ---
33616
63181
10808
26181
62685
22121
24553
63180
24552
24549
24550

--- Conjunto 673 ---
63181
62685
10808
22121
33616
26181
63180
24552
24549
24550
24553

--- Conjunto 674 ---
24552
26181
10808
63181
33616
62685
22121
24553
63180
24549
24550

--- Conjunto 675 ---
62685
63181
22121
33616
10808
26181
24553
63180
24552
24549
24550

--- Conjunto 676 ---
26181
63180
62685
10808
24552
24549
24550
63181
33616
22121
24553

--- Conjunto 677 ---
63181
62685
22121
33616
10808
26181
24553
63180
24552
24549
24550

--- Conjunto 678 ---
63181
10808
33616
62685
22121
26181
63180
24552
24549
24550
24553

--- Conjunto 679 ---
26181
24552
24549
24550
10808
63181
33616
62685
22121
24553
63180

--- Conjunto 680 ---
10808
63181
33616
62685
22121
26181
24553
63180
24552
24549
24550

--- Conjunto 681 ---
63181
10808
26181
62685
63180
24552
24549
24550
33616
22121
24553

--- Conjunto 682 ---
26181
10808
63181
33616
62685
22121
24553
63180
24552
24549
24550

--- Conjunto 683 ---
26181
24553
10808
63181
33616
62685
22121
63180
24552
24549
24550

--- Conjunto 684 ---
10808
26181
24552
24549
24550
63181
33616
62685
22121
24553
63180

--- Conjunto 685 ---
10808
63181
26181
33616
62685
22121
24553
63180
24552
24549
24550

--- Conjunto 686 ---
63181
62685
10808
22121
33616
26181
63180
24552
24549
24550
24553

--- Conjunto 687 ---
26181
10808
63181
33616
62685
22121
24553
63180
24552
24549
24550
552
504
64294
64295
266
509
507
508
0
576
269
273
510
279
272
577

--- Conjunto 688 ---
273
64295
64294
509
510
508
576
279
266
265
504
26181
10808
63181
33616
62685
22121
24553
63180
24552
24549
24550

--- Conjunto 689 ---
63181
10808
26181
24553
33616
62685
22121
63180
24552
24549
24550

--- Conjunto 690 ---
10808
26181
24552
24549
24550
63181
33616
62685
22121
24553
63180

--- Conjunto 691 ---
63181
10808
26181
33616
62685
22121
24553
63180
24552
24549
24550

--- Conjunto 692 ---
62685
63181
10808
22121
33616
26181
63180
24552
24549
24550
24553

--- Conjunto 693 ---
26181
10808
63181
33616
62685
22121
24553
63180
24552
24549
24550

--- Conjunto 694 ---
63181
62685
22121
33616
10808
26181
24553
63180
24552
24549
24550

--- Conjunto 695 ---
26181
63180
62685
10808
24552
24549
24550
63181
33616
22121
24553

--- Conjunto 696 ---
63181
62685
22121
33616
10808
26181
24553
63180
24552
24549
24550

--- Conjunto 697 ---
10808
63181
33616
62685
22121
26181
63180
24552
24549
24550
24553

--- Conjunto 698 ---
26181
24552
24549
24550
10808
63181
33616
62685
22121
24553
63180

--- Conjunto 699 ---
10808
63181
33616
62685
22121
26181
24553
63180
24552
24549
24550

--- Conjunto 700 ---
63181
10808
26181
62685
63180
24552
24549
24550
33616
22121
24553

--- Conjunto 701 ---
26181
10808
63181
33616
62685
22121
24553
63180
24552
24549
24550

--- Conjunto 702 ---
24553
26181
10808
63181
33616
62685
22121
63180
24552
24549
24550

--- Conjunto 703 ---
10808
26181
24552
24549
24550
63181
33616
62685
22121
24553
63180

--- Conjunto 704 ---
10808
63181
26181
33616
62685
22121
24553
63180
24552
24549
24550

--- Conjunto 705 ---
63181
62685
10808
22121
33616
26181
63180
24552
24549
24550
24553

--- Conjunto 706 ---
10808
26181
63181
33616
62685
22121
24553
63180
24552
24549
24550

--- Conjunto 707 ---
63181
62685
33616
10808
26181
24553
22121
63180
24552
24549
24550

--- Conjunto 708 ---
26181
62685
10808
24552
24549
24550
63181
33616
22121
24553
63180

--- Conjunto 709 ---
63181
62685
22121
33616
10808
26181
24553
63180
24552
24549
24550

--- Conjunto 710 ---
10808
63181
33616
62685
22121
26181
63180
24552
24549
24550
24553

--- Conjunto 711 ---
26181
24552
24549
24550
10808
63181
33616
62685
22121
24553
63180

--- Conjunto 712 ---
33616
63181
62685
22121
10808
26181
24553
63180
24552
24549
24550

--- Conjunto 713 ---
26181
62685
63180
10808
24552
24549
24550
63181
33616
22121
24553

--- Conjunto 714 ---
63181
10808
33616
62685
22121
26181
24553
63180
24552
24549
24550

--- Conjunto 715 ---
26181
10808
63181
33616
62685
22121
63180
24552
24549
24550
24553

--- Conjunto 716 ---
26181
24552
24549
24550
10808
63181
33616
62685
22121
24553
63180

--- Conjunto 717 ---
26181
10808
63181
33616
62685
22121
24553
63180
24552
24549
24550

--- Conjunto 718 ---
63181
10808
22121
33616
26181
62685
63180
24552
24549
24550
24553

--- Conjunto 719 ---
26181
10808
63181
33616
62685
22121
24553
63180
24552
24549
24550

--- Conjunto 720 ---
63181
33616
10808
26181
24553
62685
22121
63180
24552
24549
24550

--- Conjunto 721 ---
26181
10808
24552
24549
24550
63181
33616
62685
22121
24553
63180

--- Conjunto 722 ---
10808
26181
24552
24549
24550
63181
33616
62685
22121
24553
63180

--- Conjunto 723 ---
62685
63181
33616
10808
26181
22121
24553
63180
24552
24549
24550

--- Conjunto 724 ---
63181
62685
10808
22121
33616
26181
63180
24552
24549
24550
24553

--- Conjunto 725 ---
26181
10808
24552
63181
33616
62685
22121
24553
63180
24549
24550

--- Conjunto 726 ---
63181
62685
22121
33616
10808
26181
24553
63180
24552
24549
24550

--- Conjunto 727 ---
62685
26181
63180
10808
24552
24549
24550
63181
33616
22121
24553

--- Conjunto 728 ---
63181
62685
22121
33616
10808
26181
24553
63180
24552
24549
24550

--- Conjunto 729 ---
26181
10808
63181
33616
62685
22121
63180
24552
24549
24550
24553

--- Conjunto 730 ---
24552
26181
24549
24550
10808
63181
33616
62685
22121
24553
63180

--- Conjunto 731 ---
10808
26181
63181
33616
62685
22121
24553
63180
24552
24549
24550

--- Conjunto 732 ---
33616
63181
10808
26181
62685
63180
24552
24549
24550
22121
24553

--- Conjunto 733 ---
26181
10808
63181
33616
62685
22121
24553
552
504
64294
64295
266
509
507
508
0
576
269
273
510
279
272
577
265
551
534
4012

--- Conjunto 734 ---
4012
272
4004
4002
4000
25179
150
64992
64472
64480
64578
64800
56860
64294
64295
265
510
504
26181
62685
63180
10808
24552
24549
24550
63181
33616
22121
24553

--- Conjunto 735 ---
10808
63181
33616
62685
22121
26181
24553
63180
24552
24549
24550

--- Conjunto 736 ---
63181
10808
26181
62685
63180
24552
24549
24550
33616
22121
24553

--- Conjunto 737 ---
26181
10808
63181
33616
62685
22121
24553
63180
24552
24549
24550

--- Conjunto 738 ---
26181
24553
10808
63181
33616
62685
22121
63180
24552
24549
24550

--- Conjunto 739 ---
10808
26181
24552
24549
24550
63181
33616
62685
22121
24553
63180

--- Conjunto 740 ---
10808
63181
26181
33616
62685
22121
24553
63180
24552
24549
24550

--- Conjunto 741 ---
63181
62685
10808
22121
33616
26181
63180
24552
24549
24550
24553

--- Conjunto 742 ---
26181
10808
63181
33616
62685
22121
24553
63180
24552
24549
24550

--- Conjunto 743 ---
63181
22121
62685
33616
10808
26181
24553
63180
24552
24549
24550

--- Conjunto 744 ---
26181
63180
62685
10808
24552
24549
24550
63181
33616
22121
24553

--- Conjunto 745 ---
63181
62685
22121
33616
10808
26181
24553
63180
24552
24549
24550

--- Conjunto 746 ---
10808
63181
33616
62685
22121
26181
63180
24552
24549
24550
24553

--- Conjunto 747 ---
26181
24552
24549
24550
10808
63181
33616
62685
22121
24553
63180

--- Conjunto 748 ---
10808
63181
33616
62685
22121
26181
24553
63180
24552
24549
24550

--- Conjunto 749 ---
63181
10808
26181
62685
63180
24552
24549
24550
33616
22121
24553

--- Conjunto 750 ---
63181
10808
33616
62685
22121
26181
24553
63180
24552
24549
24550

--- Conjunto 751 ---
26181
10808
63181
33616
62685
22121
63180
24552
24549
24550
24553

--- Conjunto 752 ---
26181
24552
24549
24550
10808
63181
33616
62685
22121
24553
63180

--- Conjunto 753 ---
10808
26181
63181
33616
62685
22121
24553
63180
24552
24549
24550

--- Conjunto 754 ---
63181
62685
10808
22121
33616
26181
63180
24552
24549
24550
24553

--- Conjunto 755 ---
10808
26181
63181
33616
62685
22121
24553
63180
24552
24549
24550

--- Conjunto 756 ---
62685
63181
33616
10808
26181
24553
22121
63180
24552
24549
24550

--- Conjunto 757 ---
26181
10808
24552
24549
24550
63181
33616
62685
22121
24553
63180

--- Conjunto 758 ---
62685
63181
22121
33616
10808
26181
24553
63180
24552
24549
24550

--- Conjunto 759 ---
10808
63181
33616
62685
22121
26181
63180
24552
24549
24550
24553

--- Conjunto 760 ---
26181
24549
24550
10808
24552
63181
33616
62685
22121
24553
63180

--- Conjunto 761 ---
63181
62685
22121
33616
10808
26181
24553
63180
24552
24549
24550

--- Conjunto 762 ---
26181
62685
63180
10808
24552
24549
24550
63181
33616
22121
24553

--- Conjunto 763 ---
63181
10808
33616
62685
22121
26181
24553
63180
24552
24549
24550

--- Conjunto 764 ---
26181
10808
63181
33616
62685
22121
63180
24552
24549
24550
24553

--- Conjunto 765 ---
26181
24552
24549
24550
10808
63181
33616
62685
22121
24553
63180

--- Conjunto 766 ---
26181
10808
63181
33616
62685
22121
24553
63180
24552
24549
24550

--- Conjunto 767 ---
63181
22121
33616
10808
26181
62685
63180
24552
24549
24550
24553

--- Conjunto 768 ---
26181
10808
63181
33616
62685
22121
24553
63180
24552
24549
24550

--- Conjunto 769 ---
63181
10808
26181
24553
33616
62685
22121
63180
24552
24549
24550

--- Conjunto 770 ---
10808
26181
24552
24549
24550
63181
33616
62685
22121
24553
63180

--- Conjunto 771 ---
62685
63181
33616
10808
26181
22121
24553
63180
24552
24549
24550

--- Conjunto 772 ---
63181
62685
10808
22121
33616
26181
63180
24552
24549
24550
24553

--- Conjunto 773 ---
26181
10808
24552
63181
33616
62685
22121
24553
63180
24549
24550

--- Conjunto 774 ---
63181
62685
22121
33616
10808
26181
24553
63180
24552
24549
24550

--- Conjunto 775 ---
62685
26181
63180
10808
24552
24549
24550
63181
33616
22121
24553

--- Conjunto 776 ---
63181
62685
22121
33616
10808
26181
24553
63180
24552
24549
24550

--- Conjunto 777 ---
26181
10808
63181
33616
62685
22121
63180
24552
24549
24550
24553

--- Conjunto 778 ---
24552
26181
24549
24550
10808
63181
33616
62685
22121
24553
63180
552
504
64294
64295
266
509
507
508
0
576
269
273
510

--- Conjunto 779 ---
508
273
510
64295
269
266
576
507
0
279
272
577
64294
509
265
504
63181
10808
33616
62685
22121
26181
24553
63180
24552
24549
24550

--- Conjunto 780 ---
63181
62685
22121
33616
10808
26181
24553
63180
24552
24549
24550

--- Conjunto 781 ---
26181
62685
63180
10808
24552
24549
24550
63181
33616
22121
24553

--- Conjunto 782 ---
63181
33616
62685
22121
10808
26181
24553
63180
24552
24549
24550

--- Conjunto 783 ---
10808
26181
63181
33616
62685
22121
63180
24552
24549
24550
24553

--- Conjunto 784 ---
26181
24552
24549
24550
10808
63181
33616
62685
22121
24553
63180

--- Conjunto 785 ---
26181
10808
63181
33616
62685
22121
24553
63180
24552
24549
24550

--- Conjunto 786 ---
63181
33616
10808
26181
62685
63180
24552
24549
24550
22121
24553

--- Conjunto 787 ---
26181
10808
63181
33616
62685
22121
24553
63180
24552
24549
24550

--- Conjunto 788 ---
63181
10808
26181
24553
33616
62685
22121
63180
24552
24549
24550

--- Conjunto 789 ---
10808
26181
24552
24549
24550
63181
33616
62685
22121
24553
63180

--- Conjunto 790 ---
63181
33616
10808
26181
62685
22121
24553
63180
24552
24549
24550

--- Conjunto 791 ---
63181
62685
10808
22121
33616
26181
63180
24552
24549
24550
24553

--- Conjunto 792 ---
10808
26181
24552
63181
33616
62685
22121
24553
63180
24549
24550

--- Conjunto 793 ---
62685
63181
22121
33616
10808
26181
24553
63180
24552
24549
24550

--- Conjunto 794 ---
26181
63180
62685
10808
24552
24549
24550
63181
33616
22121
24553

--- Conjunto 795 ---
63181
62685
22121
33616
10808
26181
24553
63180
24552
24549
24550

--- Conjunto 796 ---
26181
10808
63181
33616
62685
22121
63180
24552
24549
24550
24553

--- Conjunto 797 ---
26181
24552
24549
24550
10808
63181
33616
62685
22121
24553
63180

--- Conjunto 798 ---
10808
63181
33616
62685
22121
26181
24553
63180
24552
24549
24550

--- Conjunto 799 ---
63181
10808
26181
62685
63180
24552
24549
24550
33616
22121
24553

--- Conjunto 800 ---
26181
10808
63181
33616
62685
22121
24553
63180
24552
24549
24550

--- Conjunto 801 ---
63181
10808
26181
24553
33616
62685
22121
63180
24552
24549
24550

--- Conjunto 802 ---
10808
26181
24552
24549
24550
63181
33616
62685
22121
24553
63180

--- Conjunto 803 ---
63181
10808
26181
33616
62685
22121
24553
63180
24552
24549
24550

--- Conjunto 804 ---
62685
63181
10808
22121
33616
26181
63180
24552
24549
24550
24553

--- Conjunto 805 ---
26181
10808
63181
33616
62685
22121
24553
63180
24552
24549
24550

--- Conjunto 806 ---
63181
62685
22121
33616
10808
26181
24553
63180
24552
24549
24550

--- Conjunto 807 ---
26181
63180
62685
10808
24552
24549
24550
63181
33616
22121
24553

--- Conjunto 808 ---
63181
62685
22121
33616
10808
26181
24553
63180
24552
24549
24550

--- Conjunto 809 ---
10808
63181
33616
62685
22121
26181
63180
24552
24549
24550
24553

--- Conjunto 810 ---
26181
24552
24549
24550
10808
63181
33616
62685
22121
24553
63180

--- Conjunto 811 ---
10808
63181
33616
62685
22121
26181
24553
63180
24552
24549
24550

--- Conjunto 812 ---
63181
10808
26181
62685
63180
24552
24549
24550
33616
22121
24553

--- Conjunto 813 ---
26181
10808
63181
33616
62685
22121
24553
63180
24552
24549
24550

--- Conjunto 814 ---
24553
26181
10808
63181
33616
62685
22121
63180
24552
24549
24550

--- Conjunto 815 ---
10808
26181
24552
24549
24550
63181
33616
62685
22121
24553
63180

--- Conjunto 816 ---
10808
63181
26181
33616
62685
22121
24553
63180
24552
24549
24550

--- Conjunto 817 ---
63181
62685
10808
22121
33616
26181
63180
24552
24549
24550
24553

--- Conjunto 818 ---
10808
26181
63181
33616
62685
22121
24553
63180
24552
24549
24550

--- Conjunto 819 ---
63181
62685
33616
10808
26181
24553
22121
63180
24552
24549
24550

--- Conjunto 820 ---
26181
62685
10808
24552
24549
24550
63181
33616
22121
24553
63180

--- Conjunto 821 ---
63181
62685
22121
33616
10808
26181
24553
63180
24552
24549
24550

--- Conjunto 822 ---
10808
63181
33616
62685
22121
26181
63180
24552
24549
24550
24553

--- Conjunto 823 ---
26181
24552
24549
24550
10808
63181
33616
62685
22121
24553
63180

--- Conjunto 824 ---
33616
63181
62685
22121
10808
26181
24553
63180
24552
24549
24550
552
504
64294
64295
266
509
507
508
0
576
269
273
510
279
272
577

--- Conjunto 825 ---
273
64295
510
508
576
509
279
266
265
64294
504
63181
33616
62685
22121
10808
26181
24553
63180
24552
24549
24550

--- Conjunto 826 ---
26181
63180
62685
10808
24552
24549
24550
63181
33616
22121
24553

--- Conjunto 827 ---
63181
62685
22121
33616
10808
26181
24553
63180
24552
24549
24550

--- Conjunto 828 ---
10808
63181
33616
62685
22121
26181
63180
24552
24549
24550
24553

--- Conjunto 829 ---
26181
24552
24549
24550
10808
63181
33616
62685
22121
24553
63180

--- Conjunto 830 ---
10808
63181
33616
62685
22121
26181
24553
63180
24552
24549
24550

--- Conjunto 831 ---
63181
10808
26181
62685
63180
24552
24549
24550
33616
22121
24553

--- Conjunto 832 ---
63181
10808
33616
62685
22121
26181
24553
63180
24552
24549
24550

--- Conjunto 833 ---
26181
10808
63181
33616
62685
22121
63180
24552
24549
24550
24553

--- Conjunto 834 ---
26181
24552
24549
24550
10808
63181
33616
62685
22121
24553
63180

--- Conjunto 835 ---
10808
26181
63181
33616
62685
22121
24553
63180
24552
24549
24550

--- Conjunto 836 ---
63181
62685
10808
22121
33616
26181
63180
24552
24549
24550
24553

--- Conjunto 837 ---
10808
26181
63181
33616
62685
22121
24553
63180
24552
24549
24550

--- Conjunto 838 ---
62685
63181
33616
10808
26181
24553
22121
63180
24552
24549
24550

--- Conjunto 839 ---
26181
10808
24552
24549
24550
63181
33616
62685
22121
24553
63180

--- Conjunto 840 ---
62685
63181
22121
33616
10808
26181
24553
63180
24552
24549
24550

--- Conjunto 841 ---
10808
63181
33616
62685
22121
26181
63180
24552
24549
24550
24553

--- Conjunto 842 ---
26181
24549
24550
10808
24552
63181
33616
62685
22121
24553
63180

--- Conjunto 843 ---
63181
62685
22121
33616
10808
26181
24553
63180
24552
24549
24550

--- Conjunto 844 ---
26181
62685
63180
10808
24552
24549
24550
63181
33616
22121
24553

--- Conjunto 845 ---
63181
10808
33616
62685
22121
26181
24553
63180
24552
24549
24550

--- Conjunto 846 ---
26181
10808
63181
33616
62685
22121
63180
24552
24549
24550
24553

--- Conjunto 847 ---
26181
24552
24549
24550
10808
63181
33616
62685
22121
24553
63180

--- Conjunto 848 ---
26181
10808
63181
33616
62685
22121
24553
63180
24552
24549
24550

--- Conjunto 849 ---
63181
22121
33616
10808
26181
62685
63180
24552
24549
24550
24553

--- Conjunto 850 ---
26181
10808
63181
33616
62685
22121
24553
63180
24552
24549
24550

--- Conjunto 851 ---
63181
10808
26181
24553
33616
62685
22121
63180
24552
24549
24550

--- Conjunto 852 ---
10808
26181
24552
24549
24550
63181
33616
62685
22121
24553
63180

--- Conjunto 853 ---
62685
63181
33616
10808
26181
22121
24553
63180
24552
24549
24550

--- Conjunto 854 ---
63181
62685
10808
22121
33616
26181
63180
24552
24549
24550
24553

--- Conjunto 855 ---
26181
10808
24552
63181
33616
62685
22121
24553
63180
24549
24550

--- Conjunto 856 ---
63181
62685
22121
33616
10808
26181
24553
63180
24552
24549
24550

--- Conjunto 857 ---
62685
26181
63180
10808
24552
24549
24550
63181
33616
22121
24553

--- Conjunto 858 ---
63181
62685
22121
33616
10808
26181
24553
63180
24552
24549
24550

--- Conjunto 859 ---
26181
10808
63181
33616
62685
22121
63180
24552
24549
24550
24553

--- Conjunto 860 ---
24552
26181
24549
24550
10808
63181
33616
62685
22121
24553
63180

--- Conjunto 861 ---
10808
26181
63181
33616
62685
22121
24553
63180
24552
24549
24550

--- Conjunto 862 ---
33616
63181
10808
26181
62685
63180
24552
24549
24550
22121
24553

--- Conjunto 863 ---
26181
10808
63181
33616
62685
22121
24553
63180
24552
24549
24550

--- Conjunto 864 ---
63181
10808
26181
24553
33616
62685
22121
63180
24552
24549
24550

--- Conjunto 865 ---
10808
26181
24552
24549
24550
63181
33616
62685
22121
24553
63180

--- Conjunto 866 ---
33616
63181
10808
26181
62685
22121
24553
63180
24552
24549
24550

--- Conjunto 867 ---
63181
62685
10808
22121
33616
26181
63180
24552
24549
24550
24553

--- Conjunto 868 ---
24552
26181
10808
63181
33616
62685
22121
24553
63180
24549
24550

--- Conjunto 869 ---
62685
63181
22121
33616
10808
26181
24553
63180
24552
24549
24550

--- Conjunto 870 ---
26181
63180
62685
10808
24552
552
504
64294
64295
266
509
507
508
0
576
269
273
510
279
272
577
265
24549
24550
63181
33616
22121
24553

--- Conjunto 871 ---
10808
26181
24552
24549
24550
63181
33616
62685
22121
24553
63180

--- Conjunto 872 ---
63181
33616
10808
26181
62685
22121
24553
63180
24552
24549
24550

--- Conjunto 873 ---
63181
62685
10808
22121
33616
26181
63180
24552
24549
24550
24553

--- Conjunto 874 ---
10808
26181
24552
63181
33616
62685
22121
24553
63180
24549
24550

--- Conjunto 875 ---
62685
63181
22121
33616
10808
26181
24553
63180
24552
24549
24550

--- Conjunto 876 ---
26181
63180
62685
10808
24552
24549
24550
63181
33616
22121
24553

--- Conjunto 877 ---
63181
62685
22121
33616
10808
26181
24553
63180
24552
24549
24550

--- Conjunto 878 ---
26181
10808
63181
33616
62685
22121
63180
24552
24549
24550
24553

--- Conjunto 879 ---
26181
24552
24549
24550
10808
63181
33616
62685
22121
24553
63180

--- Conjunto 880 ---
10808
63181
33616
62685
22121
26181
24553
63180
24552
24549
24550

--- Conjunto 881 ---
63181
10808
26181
62685
63180
24552
24549
24550
33616
22121
24553

--- Conjunto 882 ---
26181
10808
63181
33616
62685
22121
24553
63180
24552
24549
24550

--- Conjunto 883 ---
63181
10808
26181
24553
33616
62685
22121
63180
24552
24549
24550

--- Conjunto 884 ---
10808
26181
24552
24549
24550
63181
33616
62685
22121
24553
63180

--- Conjunto 885 ---
63181
10808
26181
33616
62685
22121
24553
63180
24552
24549
24550

--- Conjunto 886 ---
62685
63181
10808
22121
33616
26181
63180
24552
24549
24550
24553

--- Conjunto 887 ---
26181
10808
63181
33616
62685
22121
24553
63180
24552
24549
24550

--- Conjunto 888 ---
63181
62685
22121
33616
10808
26181
24553
63180
24552
24549
24550

--- Conjunto 889 ---
26181
63180
62685
10808
24552
24549
24550
63181
33616
22121
24553

--- Conjunto 890 ---
63181
62685
22121
33616
10808
26181
24553
63180
24552
24549
24550

--- Conjunto 891 ---
10808
63181
33616
62685
22121
26181
63180
24552
24549
24550
24553

--- Conjunto 892 ---
26181
24552
24549
24550
10808
63181
33616
62685
22121
24553
63180

--- Conjunto 893 ---
10808
63181
33616
62685
22121
26181
24553
63180
24552
24549
24550

--- Conjunto 894 ---
63181
10808
26181
62685
63180
24552
24549
24550
33616
22121
24553

--- Conjunto 895 ---
26181
10808
63181
33616
62685
22121
24553
63180
24552
24549
24550

--- Conjunto 896 ---
24553
26181
10808
63181
33616
62685
22121
63180
24552
24549
24550

--- Conjunto 897 ---
10808
26181
24552
24549
24550
63181
33616
62685
22121
24553
63180

--- Conjunto 898 ---
10808
63181
26181
33616
62685
22121
24553
63180
24552
24549
24550

--- Conjunto 899 ---
63181
62685
10808
22121
33616
26181
63180
24552
24549
24550
24553

--- Conjunto 900 ---
10808
26181
63181
33616
62685
22121
24553
63180
24552
24549
24550

--- Conjunto 901 ---
63181
62685
33616
10808
26181
24553
22121
63180
24552
24549
24550

--- Conjunto 902 ---
26181
62685
10808
24552
24549
24550
63181
33616
22121
24553
63180

--- Conjunto 903 ---
63181
62685
22121
33616
10808
26181
24553
63180
24552
24549
24550

--- Conjunto 904 ---
10808
63181
33616
62685
22121
26181
63180
24552
24549
24550
24553

--- Conjunto 905 ---
26181
24552
24549
24550
10808
63181
33616
62685
22121
24553
63180

--- Conjunto 906 ---
33616
63181
62685
22121
10808
26181
24553
63180
24552
24549
24550

--- Conjunto 907 ---
26181
62685
63180
10808
24552
24549
24550
63181
33616
22121
24553

--- Conjunto 908 ---
63181
10808
33616
62685
22121
26181
24553
63180
24552
24549
24550

--- Conjunto 909 ---
26181
10808
63181
33616
62685
22121
63180
24552
24549
24550
24553

--- Conjunto 910 ---
26181
24552
24549
24550
10808
63181
33616
62685
22121
24553
63180

--- Conjunto 911 ---
26181
10808
63181
33616
62685
22121
24553
63180
24552
24549
24550

--- Conjunto 912 ---
63181
10808
22121
33616
26181
62685
63180
24552
24549
24550
24553

--- Conjunto 913 ---
26181
10808
63181
33616
62685
22121
24553
63180
24552
24549
24550

--- Conjunto 914 ---
63181
33616
10808
26181
24553
62685
22121
63180
24552
24549
24550

--- Conjunto 915 ---
26181
10808
24552
24549
24550
63181
33616
62685
22121
24553
63180
552
504
64294
64295
266
509
507
508
0
576
269
273
510

--- Conjunto 916 ---
64295
266
510
279
576
273
272
508
577
64294
509
265
504
26181
62685
63180
10808
24552
24549
24550
63181
33616
22121
24553

--- Conjunto 917 ---
10808
26181
63181
33616
62685
22121
24553
63180
24552
24549
24550

--- Conjunto 918 ---
63181
62685
10808
22121
33616
26181
63180
24552
24549
24550
24553

--- Conjunto 919 ---
10808
26181
63181
33616
62685
22121
24553
63180
24552
24549
24550

--- Conjunto 920 ---
62685
63181
33616
10808
26181
24553
22121
63180
24552
24549
24550

--- Conjunto 921 ---
26181
10808
24552
24549
24550
63181
33616
62685
22121
24553
63180

--- Conjunto 922 ---
62685
63181
22121
33616
10808
26181
24553
63180
24552
24549
24550

--- Conjunto 923 ---
10808
63181
33616
62685
22121
26181
63180
24552
24549
24550
24553

--- Conjunto 924 ---
26181
24549
24550
10808
24552
63181
33616
62685
22121
24553
63180

--- Conjunto 925 ---
63181
62685
22121
33616
10808
26181
24553
63180
24552
24549
24550

--- Conjunto 926 ---
26181
62685
63180
10808
24552
24549
24550
63181
33616
22121
24553

--- Conjunto 927 ---
63181
10808
33616
62685
22121
26181
24553
63180
24552
24549
24550

--- Conjunto 928 ---
26181
10808
63181
33616
62685
22121
63180
24552
24549
24550
24553

--- Conjunto 929 ---
26181
24552
24549
24550
10808
63181
33616
62685
22121
24553
63180

--- Conjunto 930 ---
26181
10808
63181
33616
62685
22121
24553
63180
24552
24549
24550

--- Conjunto 931 ---
63181
22121
33616
10808
26181
62685
63180
24552
24549
24550
24553

--- Conjunto 932 ---
26181
10808
63181
33616
62685
22121
24553
63180
24552
24549
24550

--- Conjunto 933 ---
63181
10808
26181
24553
33616
62685
22121
63180
24552
24549
24550

--- Conjunto 934 ---
10808
26181
24552
24549
24550
63181
33616
62685
22121
24553
63180

--- Conjunto 935 ---
62685
63181
33616
10808
26181
22121
24553
63180
24552
24549
24550

--- Conjunto 936 ---
63181
62685
10808
22121
33616
26181
63180
24552
24549
24550
24553

--- Conjunto 937 ---
26181
10808
24552
63181
33616
62685
22121
24553
63180
24549
24550

--- Conjunto 938 ---
63181
62685
22121
33616
10808
26181
24553
63180
24552
24549
24550

--- Conjunto 939 ---
62685
26181
63180
10808
24552
24549
24550
63181
33616
22121
24553

--- Conjunto 940 ---
63181
62685
22121
33616
10808
26181
24553
63180
24552
24549
24550

--- Conjunto 941 ---
26181
10808
63181
33616
62685
22121
63180
24552
24549
24550
24553

--- Conjunto 942 ---
24552
26181
24549
24550
10808
63181
33616
62685
22121
24553
63180

--- Conjunto 943 ---
10808
26181
63181
33616
62685
22121
24553
63180
24552
24549
24550

--- Conjunto 944 ---
33616
63181
10808
26181
62685
63180
24552
24549
24550
22121
24553

--- Conjunto 945 ---
26181
10808
63181
33616
62685
22121
24553
63180
24552
24549
24550

--- Conjunto 946 ---
63181
10808
26181
24553
33616
62685
22121
63180
24552
24549
24550

--- Conjunto 947 ---
10808
26181
24552
24549
24550
63181
33616
62685
22121
24553
63180

--- Conjunto 948 ---
33616
63181
10808
26181
62685
22121
24553
63180
24552
24549
24550

--- Conjunto 949 ---
63181
62685
10808
22121
33616
26181
63180
24552
24549
24550
24553

--- Conjunto 950 ---
24552
26181
10808
63181
33616
62685
22121
24553
63180
24549
24550

--- Conjunto 951 ---
62685
63181
22121
33616
10808
26181
24553
63180
24552
24549
24550

--- Conjunto 952 ---
26181
63180
62685
10808
24552
24549
24550
63181
33616
22121
24553

--- Conjunto 953 ---
63181
62685
22121
33616
10808
26181
24553
63180
24552
24549
24550

--- Conjunto 954 ---
63181
10808
33616
62685
22121
26181
63180
24552
24549
24550
24553

--- Conjunto 955 ---
26181
24552
24549
24550
10808
63181
33616
62685
22121
24553
63180

--- Conjunto 956 ---
10808
63181
33616
62685
22121
26181
24553
63180
24552
24549
24550

--- Conjunto 957 ---
63181
10808
26181
62685
63180
24552
24549
24550
33616
22121
24553

--- Conjunto 958 ---
26181
10808
63181
33616
62685
22121
24553
63180
24552
24549
24550

--- Conjunto 959 ---
26181
24553
10808
63181
33616
62685
22121
63180
24552
24549
24550

--- Conjunto 960 ---
10808
26181
24552
24549
24550
63181
33616
62685
22121
24553
63180

--- Conjunto 961 ---
10808
63181
26181
33616
62685
22121
24553
63180
24552
24549
24550
552
504
64294
64295
266
509
507
508
0
576
269
273
510
279
272
577

--- Conjunto 962 ---
279
576
64295
266
265
64294
504
63181
10808
33616
62685
22121
26181
63180
24552
24549
24550
24553

--- Conjunto 963 ---
63181
10808
26181
62685
63180
24552
24549
24550
33616
22121
24553

--- Conjunto 964 ---
26181
10808
63181
33616
62685
22121
24553
63180
24552
24549
24550

--- Conjunto 965 ---
63181
10808
26181
24553
33616
62685
22121
63180
24552
24549
24550

--- Conjunto 966 ---
10808
26181
24552
24549
24550
63181
33616
62685
22121
24553
63180

--- Conjunto 967 ---
63181
10808
26181
33616
62685
22121
24553
63180
24552
24549
24550

--- Conjunto 968 ---
62685
63181
10808
22121
33616
26181
63180
24552
24549
24550
24553

--- Conjunto 969 ---
26181
10808
63181
33616
62685
22121
24553
63180
24552
24549
24550

--- Conjunto 970 ---
63181
62685
22121
33616
10808
26181
24553
63180
24552
24549
24550

--- Conjunto 971 ---
26181
63180
62685
10808
24552
24549
24550
63181
33616
22121
24553

--- Conjunto 972 ---
63181
62685
22121
33616
10808
26181
24553
63180
24552
24549
24550

--- Conjunto 973 ---
10808
63181
33616
62685
22121
26181
63180
24552
24549
24550
24553

--- Conjunto 974 ---
26181
24552
24549
24550
10808
63181
33616
62685
22121
24553
63180

--- Conjunto 975 ---
10808
63181
33616
62685
22121
26181
24553
63180
24552
24549
24550

--- Conjunto 976 ---
63181
10808
26181
62685
63180
24552
24549
24550
33616
22121
24553

--- Conjunto 977 ---
26181
10808
63181
33616
62685
22121
24553
63180
24552
24549
24550

--- Conjunto 978 ---
24553
26181
10808
63181
33616
62685
22121
63180
24552
24549
24550

--- Conjunto 979 ---
10808
26181
24552
24549
24550
63181
33616
62685
22121
24553
63180

--- Conjunto 980 ---
10808
63181
26181
33616
62685
22121
24553
63180
24552
24549
24550

--- Conjunto 981 ---
63181
62685
10808
22121
33616
26181
63180
24552
24549
24550
24553

--- Conjunto 982 ---
10808
26181
63181
33616
62685
22121
24553
63180
24552
24549
24550

--- Conjunto 983 ---
63181
62685
33616
10808
26181
24553
22121
63180
24552
24549
24550

--- Conjunto 984 ---
26181
62685
10808
24552
24549
24550
63181
33616
22121
24553
63180

--- Conjunto 985 ---
63181
62685
22121
33616
10808
26181
24553
63180
24552
24549
24550

--- Conjunto 986 ---
10808
63181
33616
62685
22121
26181
63180
24552
24549
24550
24553

--- Conjunto 987 ---
26181
24552
24549
24550
10808
63181
33616
62685
22121
24553
63180

--- Conjunto 988 ---
33616
63181
62685
22121
10808
26181
24553
63180
24552
24549
24550

--- Conjunto 989 ---
26181
62685
63180
10808
24552
24549
24550
63181
33616
22121
24553

--- Conjunto 990 ---
63181
10808
33616
62685
22121
26181
24553
63180
24552
24549
24550

--- Conjunto 991 ---
26181
10808
63181
33616
62685
22121
63180
24552
24549
24550
24553

--- Conjunto 992 ---
26181
24552
24549
24550
10808
63181
33616
62685
22121
24553
63180

--- Conjunto 993 ---
26181
10808
63181
33616
62685
22121
24553
63180
24552
24549
24550

--- Conjunto 994 ---
63181
10808
22121
33616
26181
62685
63180
24552
24549
24550
24553

--- Conjunto 995 ---
26181
10808
63181
33616
62685
22121
24553
63180
24552
24549
24550

--- Conjunto 996 ---
63181
33616
10808
26181
24553
62685
22121
63180
24552
24549
24550

--- Conjunto 997 ---
26181
10808
24552
24549
24550
63181
33616
62685
22121
24553
63180

--- Conjunto 998 ---
22121
63181
62685
33616
10808
26181
24553
63180
24552
24549
24550

--- Conjunto 999 ---
33616
63181
62685
10808
22121
26181
63180
24552
24549
24550
24553

--- Conjunto 1000 ---

