1024
20000
Quant grupos: 51
Media quant grupos: 54.82
--- Conjunto 0 ---
126096
2211
1100
2040
2227
1101
2090
1617
98218
2352
1605
4951
2354
1618
1604
1622
1603
245571
2273
2128
1830
1831
1833
2306
0
751
1834
1607
1602
257858
1608
1987
1620
1090
258319
258312
1167
1157
1168
1756
16048
2017
16120
1057
98209
258383
258380
258376
128582
1296
1169
1172
1209
260434
258381
258088
260373
258382
258367
98239
254675
128522
128521
128580
128527
98216
260196
128513
128581
128523
254672
98191
260099
139642
258089
129598
129599
259705
2028
1116
1835
98219
128520
16260
260096
129597
16261
259701
259702
259706
248358
260100
129596
16227
259724
248359
260103
259700
259697
247587
139643
139638
260101
16267
98187
260102
260107
260097
139632
260057
259532
247975
259522
2114
98237
260221
259523
260094
247974
260189
259546
248356
259520
259521
15899
139633
260095
139631
260088
15915
260091
260188
15905
260084
247586
35105
260089
260090
260078
128514
254673
260198
260199
128516
4961
254089
257055
2060
1316
98212
1315
1327
2071
1480
19
1481
1323
1322
1324
98220
2244
1151
16058
1150
98183
1325
98221
98180
98181
98182
3335
1152
2043
16056
104763
104761
98233
1479
1326
98222
20
138888
257920
128583
139640
139641
254088
257093
4973
2057
1099
1856
257927
16121
257026
1089
1205
4962
630
4963
257024
257857
21412
251044
257088
1482
22
23
260433
1204
3732
4937
1206
98230
255947
250619
2382
631
1153
257863
257027
257025
255948
16350
250617
255960
242403
253871
242400
98223
250618
248009
250653
242401
250652
3399
16177
250616
250654
98225
248643
260184
196763
16178
259535
255949
249765
249766
196761
249767
249764
196762
139621
139615
139613
248010
139608
139609
16179
260192
98227
248772
16349
2029
1170
2050
246447
257090
1257
1258
261932
224786
147275
183853
246389
2048
1176
246377
1136
2308
3091
2432
4726
3753
2519
4907
4782
1216
248011
1173
1259
1493
1494
2258
2253
220198
98214
130087
192996
136303
1496
1267
1266
1275
16195
599
260448
259555
261928
65520
183855
1706
1838
1836
1837
1707
1708
259632
259825
259633
4095996
259613
584
51748
100718
197815
98231
40531
82781
134465
260427
247412
247413
82780
247414
2201
259921
43234
259922
126167
260128
16185
259863
259856
259887
16135
260120
260132
260133
260135
259557
259923
16348
1203
126097
2307
3334
98184
234248
98185
261897
98186
98188
98189
98190
98192
259600
98193
224785
98194
98195
98196
40212
98197
98198
98199
2327
257176
98200
2072
98201
98202
98203
98204
2204
98205
259614
98206
16030
98207
257183
35104
98208
2080
218273
98210
2210
98211
2980
98213
220197
251046
98215
4648
98217
261929
259630
98224
180272
180273
98226
259636
2230
98232
70713
98234
117434
98235
98236
16060
2237
16061
98238
2110
54335
70719
245569
245570
98242
98243
257092
4936
257739
4944
2257
222547
4947
4949
598
2136
255704
255705
216921
255707
2143
98272
43232
43233
2274
43235
106212
106213
259558
100717
3184
2033
2034
2035
2037
2038
250742
2039
227576
227577
15996
2044
100719
259844
2208
1064
1065
1076
1093
1118
259807
259806
259631
259838
259839
259832
259833
1729
1731
1723
2111
1963
1730
1755
1754
1968
1175
1178
4171
1088
1649
2275
1648
1939
2073
1757
1760
259824
4095992
259637
1061
1092
1091
246378
1174
139610
139611
139600
139601
139602
139603
139596
242402

--- Conjunto 1 ---
242402
250619
250652
242403
253871
250618
250617
242400
16350
2209
2017
257920
257927
1061
2029
1205
1152
2043
16056
631
630
1206
1204
1157
2044
2230
3732
4937
257027
138888
4962
4963
257857
2060
1316
254088
257088
2071
1482
22
23
260433
254089
257055
19
20
1089
2035
2307
2040
258312
2136
2204
1090
257176
2038
258319
1057
16121
16120
1100
2227
258380
258376
128582
1296
1169
1172
260434
258381
258088
260373
258382
258367
254675
128522
128521
128580
128527
260196
128513
128581
128523
254672
260099
258089
129598
129599
139642
259705
2028
1116
2308
1835
128520
16260
260096
129597
16261
259701
259702
259706
248358
260100
129596
16227
259724
248359
259700
259697
247587
139643
139638
16267
260107
139632
260057
259532
247975
260097
259522
260103
260221
259523
260093
247974
260094
260101
260189

--- Conjunto 2 ---
260094
247974
129598
247975
260101
129596
258381
258088
259546
254672
248356
259520
259724
15899
139633
260095
260088
139631
15915
260091
260102
129597
260188
15905
260084
247586
260089
260090
260078
260100
259532
260057
16260
128523
128520
128580
260097
259522
260103
260221
260096
259523
260093
260099
129599
260189
128514
254673
2208
2017
258312
258319
1064
1065
2037
2029
2033
0
2307
2034
1076
2210
2035
1093
2040
1118
1092
1091
2308
2039
1061
260198
258380
258376
128516
128581
254675
128527
260373
2209
2028
1169
4961
260434
254089
257055
2060
1316
1315
2071
1480
19
1323
1322
1324
2244
1151
16058
258383
98183
98180
1152
2043
16056
104763
104761
1326
1835
20
1090
138888
257920
1088
2136
1172
128521
128522
128582
260196
128513
139642
259705
1116
16261
259701
259702
259706
248358
16227
248359
259700
259697
247587
139643
139638
16267
260107
139632

--- Conjunto 3 ---
259520
247974
254672
260084
259724
260094
15899
139633
260095
260088
129598
139631
15915
260089
247975
260090
248356
247586
260078
260100
129596
259546
259532
260057
16260
128523
128520
128580
260097
129597
259522
260103
260221
260096
259523
260093
260099
129599
260101
260189
128514
254673
260091
260102
260188
260198
128516
128581
254675
128527
260373
2209
2017
258312
258319
1061
2028
1169
258383
4961
260434
254089
257055
2060
1316
1315
2071
1480
19
1323
1322
1324
2307
2244
1151
16058
98183
98180
1152
2043
16056
104763
104761
1326
1835
104760
20
1090
138888
257920
1172
2040
128521
128522
139642
128582
128583
139640
139641
1168
254088
257093
4973
2057
1296
1099
1100
1856
1089
2035
257176
2204
2136
2038
257927
1057
16120
16121
1205
630
4962
4963
257857
257088
1482
22
23
260433
1204
257027
1157
3732
2044
2230
4937
1206
257026
255947
250619
2382
631
257863
1153
257025
255948
16350
250617
257024
255960
242403
253871
250618
248009
250653
242400
250652
1481
1325
3399
175055
16177
250616
250654
248643
260184
196763
16178
259535
255949
249765
249766
196761
249767
196762
249764
139621
139615
139613
248010
259705
1116
2308
139608
139609
16179
260192
248772
16349
2029
2050
246447
257090
1170
16195
1257
1258
1264
1263
1175
1174
2048
261932
224786
260448
183853
246389
136303
192996
1265
246377
1136
3091
2432
4726
3753
2519
4907
1178
4782
1173
220197

--- Conjunto 4 ---
1264
257090
257927
1263
16195
1175
1174
2230
2048
261932
224786
260448
257027
183853
246389
1265
1258
1257
1835
257920
139621
246377
1136
2308
3091
2432
4726
3753
2519
4907
1178
2043
4782
257857
2035
1169
246447
139609
139608
248011
1170
1172
1061
2040
2017
16349
196762
248772
242400
250652
16350
2209
2029
1173
4962
4963
2050
1259
1176
2208
1064
1065
2037
2033
0
2307
2034
1076
2210
1093
1118
1092
1091
2039

--- Conjunto 5 ---
1258
257927
257090
16195
224786
183853
1174
2230
2048
261932
1175
257027
246389
1496
2327
2075
259561
1493
2258
1494
2072
2074
4972
1495
2037
2078
2079
2080
2253
1901
1173
220197
136303
192996
1756
1757
1259
1176
260448

--- Conjunto 6 ---
257927
1258
224786
183853
257090
16195
1174
2230
2048
261932
1175
257027
246389
1259
1267
1266
259554
599
260448
259555
1176
261928
2208
2017
1064
1065
2037
2029
2033
0
2307
2034

--- Conjunto 7 ---
1065
257927
1076
2034
2210
0
2035
1093
2040
2307
1064
2029
2033
1118
1092
1091
2308
257920
2037
2039
1061
2017
1175
260448
224786
2048
1176
1266
257090
16195
183855
1267
1173
261928
1174
136303
257027
220197
2230
1496
2327
2075
259561
1493
2258
1494
2072
2074
4972
1495
2078
2079
1901
2253
2080
192996
246389
1756
1757
1172
2114
599
598
259632
1706
259557
1707
1090
2073
2111
2355
259626
1754
1838
1837
1968
1987
1758
1759
1760
2110
1708
1946
259844
259743
1723
1088
1089
259782
259630
259600
584
259613
259783
259824
259633
259825
4095996
1705
259558
259614
257176
2136
2204
2038
257183
1057
16121
100717
51748
16348
100718
197815
43234
100716
21412
40531
252724
98207
2208
100719
1081
1133
255704
1082
1130
2043
1139
260435
257935
241043
2310
3398
1140
1129
104727
98214
250740
250742
98215
630
259807
259806
259631
259838
259839
259832
259833
1729
1731
1963
1730
1755
1178
4171
1649
2275
1648
2274
1939
631
259636
4095992
259637
1259
257857
257025
255948
16350
257026
255947
196762
257024
255960
248772
139608
139609
196763
16179
253871
16178
139610
139611
139600
139601
139602
139603
139596
16177
250616
250618
248643
250652
260184
246377
246378
4782
15915
242400
260189
260057
259535
260097
255949
249765
259522
249766
260103
260221
260096
259523
260093
196761
260094
260099
249767
260101
249764
139621
259546
139615
259520
15899
139613
260091
248010
260084
260089
260090
260078
260100
248009
250653
259705
2209
2028
1116
1835
260192
260198
16349
1169
4962
4963
2050
246447
1170
1257
1258
1264
1263
261932
183853
1265
1136
3091
2432
4726
3753
2519
4907

--- Conjunto 8 ---
1264
257927
257090
1263
16195
1175
1174
2230
2048
261932
224786
260448
257027
183853
246389
1265
1258
1257
1835
257920
139621
246377
1136
2308
3091
2432
4726
3753
2519
4907
1178
2043
4782
257857
2035
1169
246447
139609
139608
248011
1170
1172
1061
2040
2017
16349
196762
248772
242400
250652
16350
2209
2029
1173
4962
4963
2050
1259
1176

--- Conjunto 9 ---
16195
1258
257927
257090
1174
2230
2048
261932
224786
183853
2208
2017
1064
1065
2037
2029
2033
0
2307
2034
1076
2210
2035
1093
2040
1118
1092
1091
2308
257920
2039
1061
1175
257027
246389
1496
2327
2075
259561
1493
2258
1494
2072
2074
4972
1495
2078
2079
2080
2253
1901
1173
220197
136303
192996
1756
1757
1259
1176
260448

--- Conjunto 10 ---
1258
257927
224786
183853
257090
16195
1174
2230
2048
261932
1175
257027
246389
1259
1267
1266
259554
599
260448
259555
1176
261928
183855

--- Conjunto 11 ---
1266
1267
257927
257090
183855
224786
1175
2035
2048
1173
261928
260448
1174
136303
257027
220197
2230
1496
2327
2075
259561
1493
2258
1494
2072
2074
4972
1495
2037
2078
2079
1901
2253
2080
192996
246389
1756
1757
1172
257920
2114
599
598
259632
1706
2307
259557
1707
1090
2073
2111
2355
259626
1754
1838
1837
1968
1987
1758
1759
1760
2110
1708
1946
259844
259743
1723
1088
2040
2039
1089
259782
259630
259600
584
259614
259783
259824
259633
259825
4095996
1705
259558
259613
257176
2136
2204
2038
257183
1057
2017
16121
1061
100716
21412
104727
98214
98215
250740
250742
100718
197815
43234
252724
134465
100717
173367
137700
98207
98209
104726
2208
1065
1064
2029
2033
0
630
100719
259807
259806
259631
259838
259839
259832
259833
1729
1731
1963
1730
1755
1178
2043
4171
1649
2275
1648
2034
2274
1939
631
259636
4095992
259637
1259
257857
257025
255948
16350
257026
255947
196762
257024
255960
248772
139608
139609
196763
16179
253871
16178
246377
139610
246378
139611
139600
139601
4782
139602
139603
139596
16177
250616
250618
250617
242403
250619
250652
242402
242400
260099
255949
249766
249767
1076
2210
1093
1118
1092
1091
2308

--- Conjunto 12 ---
242402
250619
250652
242403
253871
250618
250617
242400
16350
2209
2017
257920
257927
1061
2029
1205
1152
2043
257027
16056
631
630
1206
1204
1157
2044
2230
3732
4937
138888
4962
4963
257857
2060
1316
254088
257088
2071
1482
22
23
260433
254089
257055
19
20
1089
2035
2307
2040
257176
2136
2204
1090
2038
257183
1057
16121
100716
21412
104726
98209
98207
100718
197815
43234
252724
134465
250742
100717
51749
88484
98214
2208
1081
1133
255704
255705
1082
1130
100719
1139
260435
257935
241043
2311
4843
1140
1129
252722
98196
222547
98200
104727
252721

--- Conjunto 13 ---
104726
252722
250742
43234
252721
98209
98196
98200
104727
252724
134465
88484
98214
2208
2017
257176
257183
1064
1065
2037
2029
2033
0
2307
2034
1076
2210
2035
1093
2040
1118
1092
1091
2308
2039
1061

--- Conjunto 14 ---
252724
250742
43234
88484
134465
104726
252722
98209
98196
98200
104727
98214
252721

--- Conjunto 15 ---
252724
43234
134465
250742
88484
104726
98214
252722
98209
98196
98200
104727
252721

--- Conjunto 16 ---
43234
104726
98209
98196
98200
104727
252724
134465
250742
88484
98214
252722
2208
2017
257176
257183
1064
1065
2037
2029
2033
0
2307
2034
1076
2210
2035
1093
2040
1118
1092
1091
2308
2039
1061
252721

--- Conjunto 17 ---
252724
134465
43234
104726
250742
88484
98214
252722
98209
98196
98200
104727
252721

--- Conjunto 18 ---
104726
98209
98196
98200
104727
43234
252724
134465
250742
88484
98214
252722
252721
2208
2017
257176
257183
1064
1065
2037
2029
2033
0
2307
2034
1076
2210
2035
1093
2040
1118
1092
1091
2308
2039
1061

--- Conjunto 19 ---
104726
98209
98196
98200
104727
43234
252724
134465
250742
88484
98214
252722
252721

--- Conjunto 20 ---
252724
134465
43234
104726
250742
252722
98209
98196
98200
104727
88484
98214
252721
2208
2017
257176
257183
1064
1065
2037
2029
2033
0
2307
2034
1076
2210
2035
1093
2040
1118
1092
1091
2308
2039
1061

--- Conjunto 21 ---
252724
43234
104726
250742
252722
98209
98196
98200
104727
134465
88484
98214
252721

--- Conjunto 22 ---
252724
250742
134465
43234
104726
98214
88484
252722
98209
98196
98200
104727
252721
2208
2017
257176
257183
1064
1065
2037
2029
2033
0
2307
2034
1076
2210
2035
1093
2040
1118
1092
1091
2308

--- Conjunto 23 ---
1092
2035
2307
2040
2039
1093
257183
1118
1065
1061
257176
2017
252724
250742
88484
134465
43234
104726
98214
252722
98209
98196
98200
104727
252721
88485
98201

--- Conjunto 24 ---
104726
43234
252724
134465
250742
88485
252722
98209
98196
98201
104727
98214
252721

--- Conjunto 25 ---
43234
252724
104726
134465
250742
88485
98214
252722
98209
98196
98201
104727
252721
2208
2017
257176
257183
1064
1065
2037
2029
2033
0
2307
2034
1076
2210
2035
1093
2040
1118
1092
1091
2308
2039
1061

--- Conjunto 26 ---
43234
104726
252724
134465
250742
88485
98214
252722
98209
98196
98201
104727
252721

--- Conjunto 27 ---
104726
104727
43234
98209
252724
134465
250742
88485
98214
252722
98196
98201
252721
2208
2017
257176
257183
1064
1065
2037
2029
2033
0
2307
2034
1076
2210
2035
1093
2040
1118
1092
1091
2308
2039
16007
1088
16000
2136
1061
1089
2204
1090
2038
1057
16121
2027
1155
2044
2072
100716
21412
100718
197815
100717
51749
222547

--- Conjunto 28 ---
43234
104726
252724
134465
250742
88485
98214
252722
98209
98196
98201
104727
252721

--- Conjunto 29 ---
104726
250742
252722
43234
98209
98196
98201
104727
252724
134465
88485
98214
252721
2208
2017
257176
257183
1064
1065
2037
2029
2033
0
2307
2034
1076
2210
2035
1093
2040
1118
1092
1091
2308
2039
1061

--- Conjunto 30 ---
252724
250742
88485
134465
43234
104726
98214
252722
98209
98196
98201
104727
252721

--- Conjunto 31 ---
98214
104726
43234
252724
134465
250742
88485
252722
98209
98196
98201
104727
252721

--- Conjunto 32 ---
88485
252724
250742
134465
43234
104726
98214
252722
98209
98196
98201
104727
2208
2017
257176
257183
1064
1065
2037
2029
2033
0
2307
2034
1076
2210
2035
1093
2040
1118
1092
1091
2308
2039
1061
252721

--- Conjunto 33 ---
252724
250742
43234
88485
134465
104726
252722
98209
98196
98201
104727
98214
252721

--- Conjunto 34 ---
43234
252724
134465
250742
88485
104726
98214
252722
98209
98196
98201
104727
252721
2208
2017
257176
257183
1064
1065
2037
2029
2033
0
2307
2034
1076
2210
2035
1093
2040
1118
1092
1091
2308
2039
1061

--- Conjunto 35 ---
252724
43234
104726
250742
252722
98209
98196
98201
104727
134465
88485
98214
252721
88486
98202

--- Conjunto 36 ---
252724
134465
43234
104726
98214
250742
88486
252722
98209
98196
98202
104727
252721
2208
2017
257176
257183
1064
1065
2037
2029
2033
0
2307
2034
1076
2210
2035
1093
2040
1118
1092
1091
2308
2039
1061
1089
2204
2136
1090
16048
16016
16008
16000
100719
600
259968
257888
257920
258312
259200
227440

--- Conjunto 37 ---
43234
252724
104726
134465
250742
88486
98214
252722
98209
98196
98202
104727
252721

--- Conjunto 38 ---
104726
98196
98202
104727
43234
98209
252724
134465
250742
88486
98214
252721
252722
2208
2017
257176
257183
1064
1065
2037
2029
2033
0
2307
2034
1076
2210
2035
1093
2040
1118
1092
1091
2308
2039
1061

--- Conjunto 39 ---
252724
250742
88486
134465
43234
104726
98214
252722
98209
98196
98202
104727
252721

--- Conjunto 40 ---
104726
43234
252724
134465
250742
88486
98214
252722
98209
98196
98202
104727
252721

--- Conjunto 41 ---
104726
250742
43234
98209
98196
98202
104727
252724
134465
88486
98214
252722
252721
2208
2017
257176
257183
1064
1065
2037
2029
2033
0
2307
2034
1076
2210
2035
1093
2040
1118
1092
1091
2308
2039
1061

--- Conjunto 42 ---
250742
252724
88486
134465
43234
104726
98214
252722
98209
98196
98202
104727
252721

--- Conjunto 43 ---
98209
104726
98196
98202
104727
43234
252724
134465
250742
88486
98214
252722
2208
2017
257176
257183
1064
1065
2037
2029
2033
0
2307
2034
1076
2210
2035
1093
2040
1118
1092
1091
2308
2039
1061
252721

--- Conjunto 44 ---
43234
252724
134465
250742
88486
104726
98214
252722
98209
98196
98202
104727
252721

--- Conjunto 45 ---
43234
104726
252724
134465
250742
88486
98214
252722
98209
98196
98202
104727
252721
2208
2017
257176
257183
1064
1065
2037
2029
2033
0
2307
2034
1076
2210
2035
1093
2040
1118
1092
1091
2308
2039
1061

--- Conjunto 46 ---
250742
252724
134465
43234
104726
98214
88486
252722
98209
98196
98202
104727
252721

--- Conjunto 47 ---
252724
250742
88486
134465
43234
104726
98214
252722
98209
98196
98202
104727
252721
88487
98203

--- Conjunto 48 ---
43234
104726
98209
98196
98203
104727
252724
134465
250742
88487
98214
252722
2208
2017
257176
257183
1064
1065
2037
2029
2033
0
2307
2034
1076
2210
2035
1093
2040
1118
1092
1091
2308
2039
1061
252721

--- Conjunto 49 ---
43234
252724
104726
134465
250742
88487
98214
252722
98209
98196
98203
104727
252721

--- Conjunto 50 ---

