16384
250000
Quant grupos: 5
Media quant grupos: 70.25
--- Conjunto 0 ---
7881
138
68
127
139
130
101
6138
147
100
309
15348
142
133
114
144
0
46
16116
124
16144
72
73
109
1003
126
1007
66
16148
8036
81
75
16277
16130
16273
16147
6139
15917
8032
16262
6136
16256
8727
8099
16231
69
1016
15522
1014
16232
15474
16253
16220
15498
132
16263
16255
16261
16221
993
8726
994
2194
16254
310
15880
16065
128
82
129
92
1
140
71
208
6547
8680
16120
16068
116
16064
39
1338
15690
233
308
15996
15663
148
1021
15997
15150
15866
15500
15665
212
1011
15540
12297
15610
8725
15548
15402
78
16370
14049
9204
11490
15399
15398
193
152
295
234
157
306
298
76
93
141
13762
8130
12062
8518
79
1012
37
16278
16222
4095
106
16227
16239
255999
16225
36
3234
6294
12363
2533
5173
8404
16276
15463
137
16245
2702
7885
16258
16241
16242
1008
16257
14640
16368
6137
2513
145
16073
1001
13642
186
290
16226
11267
4419
7339
131
3395
6140
16108
13909
15981
13557
6142
6638
199
15671
14223
999
16240
67
16237
108
107
122
123
260
103
121
110
8724
10940
118
16233
16236
15795
70
15065
6545
10835
8606
5530
302

--- Conjunto 1 ---
66
16073
126
6545
6294
1338
15795
15671
2702
6138
6137
13909
8404
5530
138
127
0
144
67
68
69

--- Conjunto 2 ---
2702
15795
6545
8404
15671
5530
6138
6137
138
126
16073
66
127
0
144
67
68
69
1000
133
137
1007
72
129
6294
1338
12363
3234
13909
1003
1001
37
16248
16118
16120
16144
16200
14215

--- Conjunto 3 ---
15795
2702
8404
15671
5530
6545
6138
6137
138
126
16073
66
127
0
144
67
68
69

--- Conjunto 4 ---

