4096
250000
Quant grupos: 5
Media quant grupos: 104.5
--- Conjunto 0 ---
31524
552
275
510
556
522
404
24554
588
401
1237
405
400
61392
568
532
457
458
576
0
187
64464
402
496
272
64579
64578
291
289
292
439
4012
504
4030
264
24552
64595
64594
32145
324
293
302
65108
64522
65093
64591
24559
63668
32130
32131
65049
32128
24547
65024
34910
32399
64926
507
279
4065
64925
62089
65025
4056
64931
64924
61896
34909
4066
24546
65026
34908
65014
64883
61993
64880
528
65055
65023
65047
64886
3974
34907
65022
3978
3976
65021
8776
65019
32129
1240
63522
64263
515
329
24553
328
331
517
370
4
330
24555
561
287
4014
24545
833
288
26190
24558
369
5
34722
64480
64273
1243
514
274
464
64481
64256
301
157
5353
62761
64272
933
1234
24557
63986
62654
595
64465
63987
4087
63990
60600
63467
62002
62663
849
4044
24556
62160
65046
49190
62441
34905
34903
34902
65048
62193
512
61611
314
65483
56196
36818
45963
61597
294
61594
284
577
772
608
1181
938
629
1226
1195
304
373
564
563
55049
32521
48249
34075
374
316
318
4048
149
65112
64888
65482
16380
426
459
427
64908
64956
1023999
64903
146
12937
25179
49453
10132
20695
33616
65106
61853
550
64980
10808
31541
65032
4046
64965
64964
64971
4033
65030
65033
64889
300
58562
65474
24548
64900
24549
10053
581
64294
24550
518
24551
551
4007
64295
520
54568
745
1162
64907
45068
64909
557
17678
29358
4015
559
527
13583
17679
24560
64434
1236
55636
534
63926
54230
535
24568
26553
796
508
509
62685
56894
3999
511
64961
266
269
273
64951
64959
64958
432
430
490
438
492
1042
412
484
440
1023998
265
34900
34899
43763
315
64890
519
475
64906
486
64935
64945
63181
270
283
282
64483
60260
285
26181
43341
34425
22121
1210

--- Conjunto 1 ---
265
64295
64294
504
26181
25179
5353
63180
62685
10808
24552
24549
55636
24550
63181
33616
22121
24553
552
266
509
507
508
0
576
269
273
510
279
272
577

--- Conjunto 2 ---
10808
63181
26181
33616
62685
22121
24553
63180
24552
24549
24550
552
504
64294
64295
266
509
507
508
0
576
269
273
510
279
272
577
265
4001
4000
534
551
264
4030
506
288
511
518
25179
5353
49453
12937
55636
4012
4004
4002
150
64992
64472
64480
64578
64800
56860

--- Conjunto 3 ---
63181
10808
33616
62685
22121
26181
24553
63180
24552
24549
24550
552
504
64294
64295
266
509
507
508
0
576
269
273
510
279
272
577
265

--- Conjunto 4 ---

