32768
250000
Quant grupos: 5
Media quant grupos: 58.75
--- Conjunto 0 ---
3940
69
34
63
65
50
3069
73
154
7674
71
66
57
72
0
23
8058
62
8072
36
54
501
503
33
8074
4018
40
37
8138
8065
8136
8073
7958
4016
8131
3068
8128
4363
4049
8115
508
7761
507
8116
7737
8126
8110
7749
8127
8130
496
497
1097
155
7940
8032
64
41
46
70
35
104
3273
4340
8060
8034
58
19
669
7845
116
7998
7831
74
510
7575
7933
7750
7832
106
505
7770
6148
7805
4362
7774
7701
39
8185
7024
4602
5745
7699
96
76
147
117
78
153
149
38
6881
4065
6031
4259
506
18
8139
8111
2047
53
8113
8119
127999
8112
1617
3147
6181
1266
2586
4202
7731
68
8122
1351
3942
8129
8120
8121
504
7320
8184
1256
8036
500
6821
93
145
5633
2209
3669
1697
3070
8054
6954
7990
6778
3071
3319
99
7835
7111
499
8118
61
130
51
60
55
5470
59
7897
7532
3272
5417
4303
2765
151

--- Conjunto 1 ---
33
8036
63
3272
3147
669
7897
7835
1351
3069
3068
6954
4202
2765
69
0
72
34

--- Conjunto 2 ---
1351
7897
3272
4202
7835
2765
3069
3068
69
63
8036
33
0
72
34
500
66
68
503
36
64
3147
669
6181
1617
6954
501
18
8124
8059
8060
8072
8100
7107

--- Conjunto 3 ---
7897
1351
4202
7835
2765
3272
3069
3068
69
63
8036
33
0
72
34

--- Conjunto 4 ---

