4096
10000
Quant grupos: 101
Media quant grupos: 27.07
--- Conjunto 0 ---
31524
552
275
510
556
522
404
24554
588
401
1237
405
400
61392
568
532
457
458
576
0
187
64464
402
496
272
64579
64578
291
289
292
439
4012
504
4030
264
24552
64595
64594
32145
324
293
302
65108
64522
65093
64591
24559
63668
32130
32131
65049
32128
24547
65024
34910
32399
64926
507
279
4065
64925
62089
65025
4056
64931
64924
61896
34909
4066
24546
65026
34908
65014
64883
61993
64880
528
65055
65023
65047
64886
3974
34907
65022
3978
3976
65021
8776
65019
32129
1240
63522
64263
515
329
24553
328
331
517
370
4
330
24555
561
287
4014
24545
833
288
26190
24558
369
5
34722
64480
64273
1243
514
274
464
64481
64256
301
157
5353
62761
64272
933
1234
24557
63986
62654
595
64465
63987
4087
63990
60600
63467
62002
62663
849
4044
24556
62160
65046
49190
62441
34905
34903
34902
65048
62193
512
61611
314
65483
56196
36818
45963
61597
294
61594
284
577
772
608
1181
938
629
1226
1195
304
373
564
563
55049
32521
48249
34075
374
316
318
4048
149
65112
64888
65482
16380
426
459
427
64908
64956
1023999
64903
146
12937
25179
49453
10132
20695
33616
65106
61853
550
64980
10808
31541
65032
4046
64965
64964
64971
4033
65030
65033
64889
300
58562
65474
24548
64900
24549
10053
581
64294
24550
518
24551
551
4007
64295
520
54568
745
1162
64907
45068
64909
557
17678
29358
4015
559
527
13583
17679
24560
64434
1236
55636
534
63926
54230
535
24568
26553
796
508
509
62685
56894
3999
511
64961
266
269
273
64951
64959
64958
432
430
490
438
492
1042
412
484
440
1023998
265

--- Conjunto 1 ---
404
1237
64295
552
588
187
522
532
458
401
400
576
0
402
405
457
496
510
508
275
504
266
509
507
157
64951
64908
1023999
64907
64900
146
64889
64959
64958
432
430
272
527
490
438
459
492
439
25179
61597
293
294
1195
412
568
484
518
149
426
581
528
440
64956
64909
1023998
265
64579
64578
31524
300
64464
64294
551
534
64480
64481
264
4030
56196
316
512
65482
64256
48249
65112
557
314
64272
63987
4087
63986
49190
63990
62193
34902
4044
63467
34900
34899
62654
60600
62663
65024
62441

--- Conjunto 2 ---
60600
62654
62663
63467
4087
552
504
64480
64481
265
507
301
288
510
4014
157
289
511
557
933
1234
64256
34722
1240

--- Conjunto 3 ---
301
64481
64480
1240
64464
515
329
63522
64272
517
370
64256
5
34722
157
65108
64263
4
272
508
576
510
64578
534
551
64294
509
64579
264
504
4030
275
556
64595
64594
32145
324
292
293
265
64522
65093
64591
63668
32130
32131
65049
32128
65024
32399
34910
64926
552
507
279
577
458
4065
64925
62089
65025
4056
64931
64924
61896
34909
4066
65026
34908
65014
64883
61993
64880
65055
65023
65047

--- Conjunto 4 ---
65023
61993
32399
65025
64595
64522
64886
63668
62089
64880
64931
3974
34908
65022
34907
3978
65047
3976
65021
61896
65019
64883
65014
4065
32130
32145
65024
65055
32128
552
504
64578
64579
266
509
507
508
0
576
269
273
510
279
272
577
265
65049
64594
32129
32131

--- Conjunto 5 ---
63668
32129
32145
32131
65093
552
504
64578
64579
265
507
292
1240
65108
63522
64263
515
329
328
517
370
4
330
331
576
561
287
4014
64595
24545
288
510
26190
458
5
272
34722
64480
534
293
32130
65049
32128
65024
32399
34910
64522
64926
279
577
4065
64925
62089
65025
4056
64931
64924
61896
34909
4066
65026
34908
65014
64883
61993
64880
65055
65023
65047
64886
3974
65022
34907
3978
3976
65021

--- Conjunto 6 ---
64880
61993
63668
65021
64931
65023
3974
34908
65022
32399
34907
3978
62089
61896
65019
65025
64886
64883
65014
4065
32130
32145
65024
65055
65047
32128
65049
32129
32131
65093
552
504
64578
64579
265
507
292
64595
1240
65108
63522
64263
515
329
328
517
370
4
330
331
576
561
287
4014
24545
288
510
26190
458
5
272
34722
64480
293
34910
64273
1243
514
324
274
275
464
508
64294
551
534
509
64481
264
4030
301
157
64464
64272
64256
289
933
511
557
1234
63986
62654
595
64465
63987
4087
63990
60600
63467

--- Conjunto 7 ---
62654
60600
64256
63990
62002
62663
63987
65047
65093
552
504
64480
64481
265
507
292
1240
65108
63522
64263
515
328
329
517
370
5
4
24545
331
458
26190
330
272
288
510
849
4014
43763
561
287
293
4044
62160
65046
63986
49190
3978
63467
65014
64883
65024
62441
64880
65025
65055
65023
34905
64886
34903
3974
65022
65021
65019
64926
279
577
34902
65048
65049
62193
4087
64464
512
61611
64272
4048
314
316
315
557
65483
56196
65112
45963
61597
34075
48249
61594
284
772
608
1181
938
629
1226
294
1195
508
55049

--- Conjunto 8 ---
316
64272
64481
315
4048
293
557
512
65483
56196
65112
64256
45963
61597
314
458
64480
34905
61594
284
577
772
608
1181
938
629
1226
294
510
1195
64464
508
292
61611
34902
62002
265
504
4087
49190
62193
60600
62663
552
507
1240

--- Conjunto 9 ---
293
64481
512
65483
314
64272
4048
56196
45963
557
552
504
266
509
507
508
0
576
269
273
510
279
272
577
64480
265

--- Conjunto 10 ---
314
64481
64272
4048
56196
45963
293
557
512
65483
64256
61597
374
581
518
64890
373
564
1243
509
519
520
563
475
55049
34075
48249
439

--- Conjunto 11 ---
314
56196
64481
45963
64272
4048
293
557
512
65483
294
65112

--- Conjunto 12 ---
64481
314
56196
45963
64272
4048
293
557
512
65483

--- Conjunto 13 ---
314
64481
64272
4048
56196
45963
293
557
512
65483
64256
61597
316
64888
149
65112
294
65482
552
504
266
509
507
508
0
576

--- Conjunto 14 ---
266
64481
269
508
552
0
273
510
576
507
279
272
577
64480
509
265
504
293
65112
56196
512
294
316
64272
4048
45963
65482
34075
64256
55049
557
374
581
518
64890
373
564
1243
519
475
563
520
48249
61597
439
528
149
64908
426
64889
527
588
64906
438
459
492
496
440
427
486
64961
64935
430
64945
64907
64900
146
64903
64956
1023999
64294
534
551
64295
264
4030
25179
12937
4087
49453
10808
5353
10132
63181
24551
270
283
63926
282
284
65108
64483
60260
849
285
26181
24553
62685
157
64951
64959
64958
432
490
1042
412
568
484
64909
1023998

--- Conjunto 15 ---
56196
293
64256
512
64481
65112
557
65482
316
314
64272
64464
265
510
64480
504
63987
4087
63986
49190
63990
62193
34902
4044
63467
34900
34899
62654
62160
62663
65046
61594
64908
552
266
509
507
508
0
576
157
64961
64951
1023999
64907
64900
146
64889
64959
64958
432
430
272
527
490
438
459
492
496
439
61597
294
1195
412
568
484
518
149
426
581
528
440
64956
64909
1023998
3978
60600
65047
65014
64883
65024
62441
64880
65025
65055
65023
34905
64886
34903
3974
65022
62002
65021
65019
64926
279
577
458
65048
65049
292
1240
61611
4048
315
65483
45963
34075
48249
284
772
608
1181
938
629
1226
55049

--- Conjunto 16 ---
316
64481
64272
315
4048
293
557
512
65483
56196
65112
64256
45963
61597
314
458
64480
34905
61594
284
577
772
608
1181
938
629
1226
294
510
1195
64464
508
292
61611
34902
62002
265
504
4087
49190
62193
60600
62663
552
507
1240

--- Conjunto 17 ---
293
64481
557
512
65483
314
64272
4048
56196
45963

--- Conjunto 18 ---
4048
314
64481
64272
293
557
512
65483
56196
45963
552
504
266
509
507
508
0
576
269
273
510
279
272
577
64480
265
64256
61597
374
581
518
64890
373
564
1243
519
520
563
475
55049
34075
48249
439

--- Conjunto 19 ---
314
64481
56196
45963
64272
4048
293
557
512
65483
294
65112

--- Conjunto 20 ---
314
64481
56196
45963
64272
4048
293
557
512
65483

--- Conjunto 21 ---
293
64481
314
64272
4048
56196
45963
557
512
65483
64256
61597
316
64888
149
65112
294
65482

--- Conjunto 22 ---
316
64481
64272
45963
56196
293
508
512
65482
65112
34075
64256
55049
557
374
581
518
64890
373
564
1243
509
519
475
563
520
48249
61597
439
64480
528
149
64908
426
576
64889
272
527
588
64906
438
459
492
496
440
427
486
64961
64935
430
510
64945
64907
64900
146
64903
64956
1023999
64294
534
551
64295
264
504
4030
265
25179
5353
26181
24553
62685
49453
10808
63181
33616
43341
34425
24551
24552
552
266
507
0
157
64951
64959
64958
432
490
294
1042
412
568
484
64909
1023998
314
64464
63987
4087
63986
49190
63990
62193
34902
4044
63467
61594
34900

--- Conjunto 23 ---
64951
64900
146
64889
64481
64256
64961
64959
64908
64958
64907
1023999
432
508
430
272
509
527
490
438
459
492
496
439
61597
293
294
510
1195
412
568
484
518
149
426
581
528
440
64956
266
157
64909
1023998
576
507
0
265
64480
504
4044
63467
49190
34900
63990
34899
63986
62654
60600
62663
63987
65024
62441
552
269
273
279
577

--- Conjunto 24 ---
60600
62654
62663
63467
4087
552
504
64480
64481
265
507
301
288
510
64256
4014
157
289
511
557
933
1234
34722
1240
64464
515
329
63522
64272
517
370
5
65108
64263
4
272
508
576
64294
534
551
509
64295
264
4030
25179
5353
26181
24552
24551
49453
10808
63181
33616
62685
12937
22121
24553
270
283
63926
282
284
64483
60260
577
1210
285

--- Conjunto 25 ---
265
64295
64294
504
26181
25179
5353
63180
62685
10808
24552
24549
55636
24550
63181
33616
22121
24553

--- Conjunto 26 ---
26181
63180
62685
10808
24552
24549
24550
63181
33616
22121
24553

--- Conjunto 27 ---
62685
63181
22121
33616
10808
26181
24553
63180
24552
24549
24550
552
504
64294
64295
266
509
507
508
0
576
269
273
510
279
272
577
265

--- Conjunto 28 ---
63181
62685
10808
22121
33616
26181
63180
24552
24549
24550
24553

--- Conjunto 29 ---
10808
63181
26181
33616
62685
22121
24553
63180
24552
24549
24550

--- Conjunto 30 ---
63181
10808
33616
62685
22121
26181
24553
63180
24552
24549
24550

--- Conjunto 31 ---
26181
24549
24550
10808
24552
63181
33616
62685
22121
24553
63180

--- Conjunto 32 ---
10808
26181
24552
24549
24550
63181
33616
62685
22121
24553
63180
552
504
64294
64295
266
509
507
508
0
576
269
273
510
279
272
577
265

--- Conjunto 33 ---
63181
62685
22121
33616
10808
26181
24553
63180
24552
24549
24550

--- Conjunto 34 ---
63181
33616
10808
26181
62685
22121
24553
63180
24552
24549
24550

--- Conjunto 35 ---
26181
10808
63181
33616
62685
22121
24553
63180
24552
24549
24550

--- Conjunto 36 ---
26181
24552
24549
24550
10808
63181
33616
62685
22121
24553
63180
552
504
64294
64295
266
509
507
508
0
576
269
273
510
279
272
577
265

--- Conjunto 37 ---
26181
10808
63181
33616
62685
22121
24553
63180
24552
24549
24550

--- Conjunto 38 ---
26181
24552
24549
24550
10808
63181
33616
62685
22121
24553
63180

--- Conjunto 39 ---
26181
10808
24552
24549
24550
63181
33616
62685
22121
24553
63180

--- Conjunto 40 ---
63181
33616
10808
26181
62685
63180
24552
24549
24550
22121
24553

--- Conjunto 41 ---
63181
62685
22121
33616
10808
26181
24553
63180
24552
24549
24550
552
504
64294
64295
266
509
507
508
0
576
269
273
510
279
272
577
265

--- Conjunto 42 ---
63181
10808
26181
62685
63180
24552
24549
24550
33616
22121
24553

--- Conjunto 43 ---
10808
63181
33616
62685
22121
26181
63180
24552
24549
24550
24553

--- Conjunto 44 ---
63181
62685
33616
10808
26181
24553
22121
63180
24552
24549
24550

--- Conjunto 45 ---
26181
10808
63181
33616
62685
22121
24553
63180
24552
24549
24550
552
504
64294
64295
266
509
507
508
0
576
269
273
510
279
272
577

--- Conjunto 46 ---
273
508
576
510
509
64295
279
266
265
64294
504
63181
62685
22121
33616
10808
26181
24553
63180
24552
24549
24550

--- Conjunto 47 ---
63181
22121
33616
10808
26181
62685
63180
24552
24549
24550
24553

--- Conjunto 48 ---
26181
10808
63181
33616
62685
22121
63180
24552
24549
24550
24553

--- Conjunto 49 ---
62685
63181
22121
33616
10808
26181
24553
63180
24552
24549
24550

--- Conjunto 50 ---
10808
63181
26181
33616
62685
22121
24553
63180
24552
24549
24550
552
504
64294
64295
266
509
507
508
0
576
269
273
510
279
272
577
265

--- Conjunto 51 ---
63181
22121
62685
33616
10808
26181
24553
63180
24552
24549
24550

--- Conjunto 52 ---
10808
26181
63181
33616
62685
22121
24553
63180
24552
24549
24550

--- Conjunto 53 ---
63181
10808
33616
62685
22121
26181
24553
63180
24552
24549
24550

--- Conjunto 54 ---
26181
10808
24552
63181
33616
62685
22121
24553
63180
24549
24550

--- Conjunto 55 ---
10808
26181
24552
24549
24550
63181
33616
62685
22121
24553
63180
552
504
64294
64295
266
509
507
508
0
576
269
273
510
279
272
577
4001
4000
534
265
551
264
4030
506
288
511
518
25179
5353
49453
12937
55636

--- Conjunto 56 ---
10808
26181
63181
33616
62685
22121
24553
63180
24552
24549
24550

--- Conjunto 57 ---
26181
24552
24549
24550
10808
63181
33616
62685
22121
24553
63180

--- Conjunto 58 ---
26181
62685
63180
10808
24552
24549
24550
63181
33616
22121
24553

--- Conjunto 59 ---
63181
62685
10808
22121
33616
26181
63180
24552
24549
24550
24553
552
504
64294
64295
266
509
507
508
0
576
269
273
510
279
272
577
265

--- Conjunto 60 ---
63181
62685
22121
33616
10808
26181
24553
63180
24552
24549
24550

--- Conjunto 61 ---
24552
26181
10808
63181
33616
62685
22121
24553
63180
24549
24550

--- Conjunto 62 ---
24553
26181
10808
63181
33616
62685
22121
63180
24552
24549
24550

--- Conjunto 63 ---
33616
63181
62685
22121
10808
26181
24553
63180
24552
24549
24550

--- Conjunto 64 ---
22121
63181
62685
33616
10808
26181
24553
63180
24552
24549
24550
552
504
64294
64295
266
509
507
508
0
576
269
273
510
279
272
577
265

--- Conjunto 65 ---
26181
62685
63180
10808
24552
24549
24550
63181
33616
22121
24553

--- Conjunto 66 ---
63181
62685
10808
22121
33616
26181
63180
24552
24549
24550
24553

--- Conjunto 67 ---
63181
10808
26181
24553
33616
62685
22121
63180
24552
24549
24550

--- Conjunto 68 ---
10808
63181
33616
62685
22121
26181
24553
63180
24552
24549
24550
552
504
64294
64295
266
509
507
508
0
576
269
273
510
279
272
577
265

--- Conjunto 69 ---
10808
26181
24552
24549
24550
63181
33616
62685
22121
24553
63180

--- Conjunto 70 ---
63181
10808
26181
62685
63180
24552
24549
24550
33616
22121
24553

--- Conjunto 71 ---
10808
63181
33616
62685
22121
26181
63180
24552
24549
24550
24553

--- Conjunto 72 ---
63181
33616
10808
26181
24553
62685
22121
63180
24552
24549
24550

--- Conjunto 73 ---
24552
26181
24549
24550
10808
63181
33616
62685
22121
24553
63180
552
504
64294
64295
266
509
507
508
0
576
269
273
510
279
272
577
265
551
534
4012
4004
4002
4000
25179
150
64992
64472
64480
64578
64800
56860

--- Conjunto 74 ---
10808
63181
26181
33616
62685
22121
24553
63180
24552
24549
24550

--- Conjunto 75 ---
63181
10808
33616
62685
22121
26181
24553
63180
24552
24549
24550

--- Conjunto 76 ---
26181
24549
24550
10808
24552
63181
33616
62685
22121
24553
63180

--- Conjunto 77 ---
10808
26181
24552
24549
24550
63181
33616
62685
22121
24553
63180
552
504
64294
64295
266
509
507
508
0
576
269
273
510
279
272
577
265

--- Conjunto 78 ---
63181
62685
22121
33616
10808
26181
24553
63180
24552
24549
24550

--- Conjunto 79 ---
63181
33616
10808
26181
62685
22121
24553
63180
24552
24549
24550

--- Conjunto 80 ---
26181
10808
63181
33616
62685
22121
24553
63180
24552
24549
24550

--- Conjunto 81 ---
26181
24552
24549
24550
10808
63181
33616
62685
22121
24553
63180

--- Conjunto 82 ---
26181
62685
10808
24552
24549
24550
63181
33616
22121
24553
63180
552
504
64294
64295
266
509
507
508
0
576
269
273
510
279
272
577
265

--- Conjunto 83 ---
10808
63181
33616
62685
22121
26181
24553
63180
24552
24549
24550

--- Conjunto 84 ---
62685
63181
22121
33616
10808
26181
24553
63180
24552
24549
24550

--- Conjunto 85 ---
26181
10808
63181
33616
62685
22121
24553
63180
24552
24549
24550

--- Conjunto 86 ---
24552
26181
24549
24550
10808
63181
33616
62685
22121
24553
63180

--- Conjunto 87 ---
26181
63180
62685
10808
24552
552
504
64294
64295
266
509
507
508
0
576
269
273
510
279
272
577
265
24549
24550
63181
33616
22121
24553

--- Conjunto 88 ---
10808
63181
33616
62685
22121
26181
24553
63180
24552
24549
24550

--- Conjunto 89 ---
63181
62685
22121
33616
10808
26181
24553
63180
24552
24549
24550

--- Conjunto 90 ---
10808
26181
63181
33616
62685
22121
24553
63180
24552
24549
24550

--- Conjunto 91 ---
26181
24552
24549
24550
10808
63181
33616
62685
22121
24553
63180
552
504
64294
64295
266
509
507
508
0
576
269
273
510
279
272
577
265

--- Conjunto 92 ---
62685
63181
33616
10808
26181
24553
22121
63180
24552
24549
24550

--- Conjunto 93 ---
26181
10808
63181
33616
62685
22121
24553
63180
24552
24549
24550

--- Conjunto 94 ---
63181
62685
22121
33616
10808
26181
24553
63180
24552
24549
24550

--- Conjunto 95 ---
24552
26181
10808
63181
33616
62685
22121
24553
63180
24549
24550

--- Conjunto 96 ---
10808
26181
24552
24549
24550
63181
33616
62685
22121
24553
63180
552
504
64294
64295
266
509
507
508
0
576
269
273
510
279
272
577
265

--- Conjunto 97 ---
63181
62685
22121
33616
10808
26181
24553
63180
24552
24549
24550

--- Conjunto 98 ---
10808
63181
26181
33616
62685
22121
24553
63180
24552
24549
24550

--- Conjunto 99 ---
63181
10808
33616
62685
22121
26181
24553
63180
24552
24549
24550

--- Conjunto 100 ---

