4096
250000
Quant grupos: 5
Media quant grupos: 1467.25
--- Conjunto 0 ---
1055
81758
24184
1141
201544
1187
28687
1182
1218
208986
24070
1102
194198
204206
1044
24444
1212
161612
1129
1094
204690
1174
1184
1181
1267
251689
138710
1193
1194
1213
17591
17559
1175
74065
1203
24219
202242
211739
1200
1173
30813
23271
208723
203311
238415
31079
197617
34888
28719
35009
25465
63695
31121
199441
1136
203536
201095
158751
206636
104581
1165
28735
206228
29855
208335
1199
51911
29871
1048
29724
201904
203344
24190
1138
196466
1126
1127
23292
153420
1106
25410
28703
1180
29791
73055
74205
24717
199421
73566
94685
1056
25328
162399
1054
163766
153798
1070
23449
1026
204670
98142
1024
1022
203880
206238
1150
26296
203936
204952
189384
143672
201919
27576
147791
131103
143676
23296
201480
201916
25400
203359
17934
23304
16767
203348
203884
27296
25464
41436
198685
136329
17007
23273
209689
196735
24217
197629
23465
196895
146941
185265
23313
74079
137033
192593
141153
25401
209693
23321
24065
131119
25393
199453
15
47
146937
23345
197621
207545
200685
24441
198943
1137
25473
132415
26377
105
137037
207549
16431
203722
24834
82370
1130
23266
23618
208991
208990
23322
214122
132223
213730
24066
25422
34602
131167
24158
24154
24218
26058
215786
1039
24926
24666
24078
204702
23350
181631
23410
131135
23346
17935
148863
204694
132111
203726
21599
132479
26394
19694
204895
17743
25418
26398
197122
23394
194154
131199
24186
211743
206203
197771
24195
149979
200531
206207
1131
197795
200535
200543
230099
25403
53403
23267
161119
161115
25507
149983
198923
23259
23283
196015
23659
2504
25395
196011
51387
23595
35583
23279
25491
63
215683
35579
213135
25483
25487
204188
194364
132159
25460
148815
25420
44124
101156
83492
153423
206236
23364
44127
194367
25396
258372
180220
25436
206239
83503
16463
23580
203092
25428
28596
23436
24236
24767
25388
23268
25412
25476
23276
25772
152911
621
25773
24501
23285
200205
24189
205597
23589
25445
196639
16479
25413
23629
17485
73293
205919
25421
212821
63061
212831
26719
198159
25381
206366
23366
23375
79
23278
25454
23734
23390
132127
99686
131151
82086
131087
25430
24998
25438
194206
163774
82094
132143
29414
208886
132255
30446
210078
208894
24151
186335
201175
30447
49135
25447
25383
23335
1151
25391
24191
24055
25415
26295
148511
169055
23327
218663
25135
23303
197967
196943
24216
1152
24064
24152
25432
24192
201838
23308
24204
201548
204012
25392
131391
204000
35008
143679
204088
202047
25384
203356
201551
143272
24233
136527
192607
25097
251693
1133
209183
200673
23453
70593
25457
197631
24849
25377
25405
23281
25402
82374
208922
196470
25150
25378
82382
196478
200798
23450
25442
22030
253842
53466
197791
182018
175487
51610
194158
202254
79114
81858
23306
23406
205087
197727
197983
25411
24207
25459
25227
25443
24139
24851
25407
35635
203740
23508
198047
25372
104932
25404
181567
197663
35580
25356
197052
25444
25484
1071
24829
25429
104589
203629
25461
25637
26373
30815
18047
18527
212829
202501
54
29494
149710
23478
25478
159167
163775
202143
148927
183478
23758
132287
25374
23574
132191
23631
197167
24719
1135
206031
23319
24927
0
65631
4097
95
4096
31
201503
1060
1068
100
201484
49
106
108
1030
9
93
111
116
73567
71007
25
17590
23743
50
1086
34
17
1072
1087
1084
1076
109
1027
126
74207
127
101
125
98
17599
23374
89
1110
124
1118
17445
1119
1100
1103
26717
29
1028
208029
131091
1069
1061
1057
1085
21297
1122
1134
1215
1210
1214
1201
23357
24671
23349
1121
1125
1023
35037
35021
156703
200790
207998
207994
199752
196623
1124
107
1095
200975
1088
1098
23263
1092
25181
16477
24052
22015
17535
24063
4263
28135
24006
28141
28128
28143
28140
28139
28132
26095
999939
28156
28159
28158
21982
201487
28129
17519
17903
28142
17455
510
110
1031
1120
1148
26383
24015
17862
28133
24014
23992
17775
19951
26381
17711
1
24060
1149
17871
26111
24030
511
46
17663
25865
70
17679
28157
17689
200968
24669
1099
1093
1109
16446
1101
132443
25437
58
23277
23284
196682
198834
198846
198847
218921
1132
23269
1116
1145
201162
10333
25379
1117
1140
17135
196799
199789
198838
194679
194687
182399
149855
166015
255
1037
152927
25474
25364
132447
1036
81
21326
17124
52
197450
1040
204959
211234
190591
180351
198062
163967
147551
133247
147807
201525
201533
43
199080
201535
60
196671
62
1108
30880
23960
35
17012
203738
8287
86
195053
195041
195307
11
42
16660
25375
204956
17140
48
192492
208031
201485
27
1111
25367
24879
32
28767
194932
194940
182655
132115
766
65553
13
25408
8285
16996
23270
192940
131455
197741
36
19
10
157019
196616
21231
199917
623
196879
17119
25462
25423
16733
1065
53
895
201582
197743
1073
10335
21215
25471
122
196687
117
23382
209203
201598
201599
201087
200815
196991
218927
164223
178559
197711
188897
131183
25967
17878
17758
17734
26093
17487
25871
186495
42479
196927
201021
197945
194941
131111
147583
132393
147483
206768
195709
202158
181375
187519
193852
196988
197935
195711
131128
169087
131113
206681
206685
209215
197929
131099
190444
199772
251709
198447
201583
41
131375
190847
166271
196655
194943
189932
195323
186751
209207
208667
208671
206111
196989
202614
16997
19188
4
200668
206623
206687
202246
132626
197919
197373
200159
200671
3
213311
205083
193663
164991
164989
131105
205595
195773
202255
198111
197855
200669
196990
132412
200476
206301
206780
211590
142463
148607
132409
189567
251695
169279
206303
196951
196959
211846
211870
211854
205711
214186
198727
211855
198735
132123
199055
196751
196767
209294
197250
198751
196703
198743
131075
204943
196742
211871
251705
193661
196891
181373
173183
136511
191615
33
134271
140415
9311
209807
147803
148507
205198
196622
197674
197263
197006
197007
197254
131078
183423
214319
140319
132927
211591
211598
131083
205199
196750
131074
206271
204207
185471
132153
131082
197023
207759
131114
211343
2
156699
207247
82242
204827
209691
150655
251711
189565
44125
206175
199071
202895
17919
18
17647
28155
24022
17887
17478
17417
17474
1033
17606
17791
205446
198063
218943
191613
194785
194813
201500
199320
199324
31087
31103
197736
25486
199514
213218
31080
16751
383
367
194789
131219
209806
140315
206772
197951
148605
218937
203940
197792
197022
131086
197519
209295
205454
207758
132207
57
197808
198441
92
197262
132256
205710
148495
201903
197807
198457
196649
201888
132138
211342
201103
207246
156797
132137
214329
42076
132257
20
132221
203948
136319
214847
206783
16447
131080
21830
21958
19918
26399
131129
131232
203949
218425
197664
206173
167039
203951
132128
9308
207007
197695
196640
131104
197679
207494
211358
132144
131079
205214
214335
203950
88
209822
196679
80
131631
206782
103972
103980
199756
32184
103983
202258
203294
194797
194815
201184
34798
199688
199692
199327
197279
199711
199694
34814
218679
199326
197647
197823
212166
197839
197854
212190
132175
199774
209587
209599
205503
204044
131359
204047
209591
212174
197311
197903
132383
203978
218671
199695
201188
34287
164079
200814
131263
13823
196760
200374
198335
200382
214831
209190
201023
218409
131117
174463
204824
196898
197439
204222
198074
195045
201071
218415
147471
131106
149851
131130
199097
202174
196719
131247
139647
24053
17886
17870
131096
6
21966
21967
28151
77
575
26397
214313
199791
195049
198832
156411
214841
214825
131116
131195
205855
199016
199020
199039
206832
206844
197673
206836
181439
198006
132198
194365
202623
200479
71213
71215
66607
103996
103999
132271
199775
201790
191679
195775
201791
214063
34799
199693
196911
212175
201997
204063
201999
212191
30944
209595
132367
131343
201196
201199
188799
132399
211246
131098
199084
131835
205119
195055
8303
132142
147487
147935
147475
147547
206015
197806
149887
180607
199759
49151
196975
192993
211247
188543
174207
178303
131439
180719
131567
131248
195069
164335
197759
206847
195071
206335
170367
194942
25489
203214
1077
199979
199999
199983
47103
131107
161087
24062
19919
82
1025
28765
148777
132098
199021
209115
65679
209119
187284
187295
218581
203944
214367
201792
201486
199233
199245
104597
199237
101060
199042
199046
101068
101071
213439
201730
101087
197183
201806
201796
201804
201807
82386
199247
82258
199263
59
21236
24945
25493
14431
16543
18525
26
201690
213827
213327
213831
213839
147503
131072
201821
213055
206846
205023
198175
187293
218591
148831
218589
201822
201820
197199
65604
199054
199070
101084
65743
177279
196768
65615
101069
131120
68175
66271
205951
213295
147519
189631
213039
140479
193727
132272
202622
199903
203966
131185
16
148499
70703
33903
210127
202015
208095
208078
131311
194799
33919
199708
197646
196654
166269
189935
200383
47087
202170
56
170111
99
103
638
4262
30757
26393
55
24637
25881
29525
22007
29533
29528
1067
29535
24061
254
1049
132398
131369
131131
156991
203967
156863
199967
65583
67119
203964
132114
197151
208159
201007
204060
201407
204046
173247
196718
139695
206110
199096
196783
197658
46591
131386
167037
203952
65809
17271
25458
203615
206621
206109
51
44126
16415
32248
25503
25499
24847
17151
1082
215529
215533
215407
213487
215551
215535
25490
25426
25435
25502
196698
203743
203727
16932
213994
213999
201440
201470
213359
213103
213998
214014
197197
131224
133
104591
17471
19967
17915
17673
103982
103981
132205
215549
201452
104605
65669
5
202259
98445
197486
197503
156783
131118
28
218925
189756
215423
197215
195708
251656
147743
190959
213375
213119
82371
199261
156799
66623
168319
197790
132126
196974
188911
24
17901
19950
17695
201455
197231
201823
131115
98437
81923
131197
147775
204958
98447
100509
203295
189629
148671
201889
132156
205918
205914
192943
200767
198831
196798
190844
199773
104940
213026
213230
196642
195311
251657
201086
200156
42079
202270
199023
179327
213222
200415
132285
213234
70719
67135
103997
179391
208079
213231
131385
213246
206047
132151
193725
197729
196632
1289
19949
131132
190836
131122
196920
196921
147931
214829
196910
176895
44
198078
132219
165055
66606
206781
156988
174319
208094
204045
131384
131231
190703
131444
191211
199100
196658
196664
141793
180591
158747
200831
201070
218431
557
19910
8281
195327
213090
157036
40
185469
177983
213106
213042
213247
210126
34047
34815
34159
149631
205850
131370
147490
196714
143788
200158
200670
196722
197838
206030
204061
205499
164095
196902
141439
132921
197048
198046
196669
182767
26091
16511
197662
164207
205090
192941
148588
175231
197802
8
199807
194431
201855
194418
190845
147839
185727
132467
147951
213219
191980
131169
104943
198623
200477
190701
205903
198015
166127
197918
197869
198058
206234
197934
1090
17759
894
16393
193007
132204
102
24613
17911
25887
17423
30751
30782
30847
30765
23547
16445
20831
198146
197150
182527
210143
8447
205103
172415
148716
202271
103998
197650
196637
214575
131090
196905
140413
197930
46447
131180
196650
157164
139692
193855
204831
196706
204991
34031
198815
197050
198079
196925
174575
197750
172463
131102
147739
132122
202159
156780
198108
161596
131388
131193
202111
99887
144889
66626
164212
131134
39
1083
17515
9241
131500
205106
196665
196641
132139
132210
196479
131186
131181
14335
213226
65892
29039
31100
31084
20863
22895
204004
31126
4101
1206
19180

--- Conjunto 1 ---
1099
23312
1103
30813
23267
15
23299
23330
16418
23345
23436
23478
23315
23574
16627
23306
1206
1214
21263
1071
1215
21274
25
93
23268
1093
1109
26717
1129
1119
31
23589
36
1101
23992
32248
47
1199
1194
1130
89
1088
201480
1100
1205
104932
1173
1183
136329
203722
196682
1026
1024
101
158751
24669
1022
63
1121
23366
1125
1133
1
54
30815
24671
31126
31079
153420
203880
213218
213106
29055
148511
621
1124
1149
1151
1132
1135
1137
1094
1036
100
106
111
1118
1102
1150
1095
1136
23276
1039
1087
1117
26719
17124
25772
1134
25464
25447
25448
95
1092
24851
1098
42
1076
23295
16996
17
1085
16420
1084
1108
40
1141
8287
209507
31103
367
148828
31080
31084
24943
131099
383
16767
156703
16751
31087
31100
131103
197771
127
31085
24941
132127
197743
205411
26991
131107
206366
199320
199327
194799
194785
196951
196959
251689
131135
195709
131119
218927
132223
251693
131199
173183
209519
205423
204952
82370
195711
206832
206847
206768
213311
194364
199752
213295
132143
214847
132159
213042
200668
44124
200159
197855
208667
208671
197727
213230
200670
200671
197983
196991
196988
193663
131385
132207
140415
197231
181375
191615
131113
51
131087
131391
202614
200415
27
196735
218415
196989
41
197663
206111
209119
209115
131167
200476
200478
204206
197919
82242
201598
204956
206301
140319
103972
103980
103997
132393
199759
206681
206685
67119
213234
44127
213231
71215
1599
196639
209203
196671
202102
193852
206271
201525
131183
194797
194813
201199
201184
199324
81858
34798
200790
1023
199688
131075
199692
218663
197279
199708
132111
201196
199695
197647
131327
197839
212166
208079
212174
131151
209587
209599
206772
204044
206203
197903
131263
143672
146937
209591
197711
206207
202015
205503
212175
203982
196767
201007
194789
200975
195773
201095
194932
196665
192940
194943
131182
199789
198834
198847
198838
198846
131455
180607
201582
164223
195307
192492
218921
196655
194940
148507
196799
197741
166271
194679
49135
190591
149979
206238
195041
194687
200374
200382
197823
211238
211234
182399
149983
163967
131090
166015
147487
149855
49151
201533
58
199080
201535
202175
198078
201023
193007
195053
195055
195323
190847
218937
4101
24052
24063
24060
17781
109
201487
49
28135
18
28143
17871
4263
26095
28128
24006
28140
28139
17775
17791
4097
999939
28159
28132
721411
28129
28133
28156
24014
17711
22
1070
81
21974
1027
1031
1055
26377
1120
1148
17743
17433
28141
25711
17478
17903
6
16450
23960
17519
17734
17862
24015
26397
19951
26383
26111
25865
17455
26381
62
22015
9
29
26091
1086
43
108
1122
1126
16479
98
25881
28157
26093
21958
25647
17535
2
46
199917
131170
209215
201484
0
33
201599
218431
131091
147935
251695
132399
164207
189932
194941
182655
190957
195069
195045
131439
209207
9308
132123
47103
251705
133247
147483
147547
149851
186495
42076
1116
141439
198062
147807
131130
198074
19
131114
189567
202158
164991
203311
209523
196643
199756
80
186751
196466
79
196478
103983
199791
202174
131375
194942
196703
24
206780
214319
131129
35
32184
206621
199774
66607
194431
12
199775
196927
189565
164335
197219
196707
131187
131181
131131
214313
174463
197945
59
194367
205855
251709
199421
206623
202242
198162
131133
199903
198111
208159
104581
185471
183423
206844
209535
206783
197935
148671
199772
132287
189631
213439
201790
132153
158847
132221
161084
196975
205439
92
28
70719
209511
206015
201500
199326
199694
190703
132383
204047
132367
204060
204061
197311
209595
206031
199711
201188
196718
44
57
201583
199871
131083
180719
181740
132157
218941
196719
131425
198058
196905
8315
56
214825
131380
46575
178657
190959
8
201087
206175
16
200831
192493
131839
198832
188799
197650
147803
196910
132172
198063
160895
22013
17919
196895
16477
28142
254
125
17878
17679
17487
19910
1305
26393
28158
1289
132527
148607
131567
201070
103981
66623
3
132210
76
156699
139647
156031
131109
197179
197951
174207
190945
147775
209515
196650
199758
251711
131359
197852
67717
200669
206845
214831
82386
197695
206335
198623
156799
205427
161596
194365
103982
42079
34814
197838
132175
208078
132191
204045
203978
131311
205119
158747
133503
131631
178303
149791
198441
147551
131106
197662
199100
197673
131111
200767
132122
204222
199096
132538
214841
132137
139775
209202
131096
198463
200815
206687
180351
205850
197930
147739
202031
187519
132142
196911
131171
148716
201071
180705
196711
214329
197503
197929
132115
131695
132140
131116
131112
139692
202258
24061
28765
25871
66
206836
204899
205951
196723
198006
103996
103999
201198
214583
218671
190717
212190
201999
197644
190846
131080
200383
198335
50
132409
202025
197922
168319
207150
195071
131407
99
103
126
105
110
1131
24055
16463
1073
16671
1077
23742
17423
1025
1033
1037
17598
29525
29533
29528
1067
29535
124
23374
17012
1072
214335
123
131118
197247
192879
131835
1583
148850
71231
211246
192895
165247
99887
197235
147759
218409
131115
131372
188788
48
104941
205887
191613
197726
200158
199967
67135
33887
198447
34799
131343
204062
201997
132303
208095
199693
21967
70
26399
201103
131172
131098
202159
211247
209199
197934
193661
164222
196470
147839
131707
196623
140315
191980
196783
189935
132415
197724
197245
177277
132412
147519
200479
205919
202623
131158
131231
218679
132319
131384
33903
44126
196705
196664
188911
28151
201503
25967
17695
17417
720899
24030
24022
1350
17474
19918
16431
131423
192495
197679
197167
148594
139619
205090
196760
196479
196798
195049
131195
9311
197634
202255
131197
197710
132150
182511
194815
75202
197183
34031
176556
188543
192943
131370
182767
195327
218943
147931
8284
193906
196467
181630
178559
1327
131121
170367
207139
199423
319
145
197759
175231
169087
132209
161087
32
206303
198015
132151
131123
147743
131122
188897
157036
141695
149631
206239
132398
204207
132522
167037
189183
206782
172527
143788
206846
202254
65602
17471
107
17494
17673
34287
102884
199084
131247
131105
206234
131117
209186
189179
198457
161599
34543
206781
196879
197299
33919
34815
197645
190701
192941
1403
197052
185469
737795
38
122
86
47087
131428
131369
145215
131074
195775
202111
209475
202622
203294
164079
206047
204063
204959
197737
205854
251657
131242
201327
179327
203936
183421
188901
196790
201021
132138
131514
148793
215529
215533
213359
215549
65693
215535
213994
215551
213998
201440
213103
213039
213487
213999
177279
201792
201796
201806
201804
199233
199237
201807
201823
199245
196687
101060
104589
199042
201820
102533
206109
136511
182653
211739
204000
18799
31101
203884
303
136287
204012
1028
23263
23283
17430
23284
23279
1038
17140
153439
152911
201839
200968
19967
13
639
8285
24872
24830
10335
24879
17439
1049
203726
108452
148559
197736
203887
108460
108476
65572
75183
213375
213119
201455
201444
201452
74916
136271
199247
132098
213827
213831
213839
102543
107967
75199
196632
181373
107951
65583
146559
66740
65588
201059
198334
170111
47099
108461
107684
167039
215407
201263
214014
197199
197215
199261
213071
213343
108463
162941
65599
75172
108468
75188
559
107956
214015
197359
16719
1029
4096
20831
201822
74927
107940
213327
65669
197651
107949
75684
66724
213871
52
511
208029
201805
213055
66751
65568
108479
201343
9327
215423
213503
131185
206268
11
139617
201821
108462
213423
132610
132627
203295
197151
200375
34
1060
197486
131104
150559
213995
104591
164989
98437
66980
152703
213855
17909
201496
17689
131615
65700
197822
197375
136319
74932
213183
176481
192639
164221
213615
66735
65685
199199
197675
213247
5
132286
30880
148975
197906
197658
131386
75695
131177
199263
18527
75711
108477
137033
131179
197213
156797
147503
196898
197439
198146
66596
147583
201471
104597
206235
132395
196641
28767
24062
1366
894
16393
82259
197197
101068
74943
65716
196925
71839
140413
21
65551
197696
148588
82178
213583
71213
131169
148605
100509
82003
143
23349
23311
1198
77
152927
1140
1110
25486
14
17135
19183
1111
17141
213221
18525
201832
24959
29039
196645
213229
53
198059
213029
201812
213237
202537
132394
196642
139745
201453
202243
201086
131125
65679
196709
199198
147493
205914
205918
218425
148499
4111
524291
4109
46591
197048
196661
149599
148783
131500
196974
142463
131561
197720
132626
153798
199016
199020
193727
131110
37
213093
98447
201791
148799
140479
206030
199325
197814
132410
205103
132129
65554
119
4262
30757
55
1079
23547
23551
17247
28015
999427
104940
133
70703
197735
104942
200205
132160
103988

--- Conjunto 2 ---
251689
194679
149979
206238
163967
15
149983
194687
204206
218927
49135
158751
166015
214313
199752
201525
201533
63
197439
131119
131103
206768
195709
132115
181375
132223
195711
131135
202158
189567
131199
47
132127
194364
203311
196988
196927
82370
164991
218921
251693
218943
251695
213221
23992
31
193663
131183
197929
44124
206681
206685
195055
195041
195053
198834
198846
198838
19
192492
201582
156703
199789
198847
194932
194940
192940
182655
197711
46591
182399
211234
195045
195307
196799
197743
209203
206621
199773
215529
215533
215549
65583
215535
202242
104597
213994
213998
201480
204952
201440
201455
201452
213103
104581
213311
131099
206780
196989
196991
218415
132123
197167
148511
201792
201823
201807
201804
132175
202174
201806
196767
199233
131151
199245
132191
199247
196703
197199
131130
199237
101060
213839
213827
213439
21
132160
197727
214841
191613
191615
1119
201796
206111
197634
203294
95
201484
131096
251709
181373
213229
33
148607
187519
161087
194365
213237
197663
103972
103997
103980
197983
71215
213247
67119
201598
197673
201599
196735
205855
180607
194942
194943
201087
182652
194941
131263
192495
35
197741
188543
190591
174207
92
133247
131087
147487
198062
180351
147807
197658
186495
131369
183423
196655
140415
156799
197935
199772
196671
218937
131372
148975
131455
147503
215551
213039
214014
175229
251705
173183
213093
131091
201820
201805
199261
213029
79
202159
197215
199263
213055
65679
206271
132207
132409
37
189565
213245
54
621
109
30813
24052
22015
1087
62
1022
24063
1125
1135
1024
101
106
26717
1151
17791
30815
28135
24006
201501
167
28128
17775
28143
17919
28132
28139
17
28140
28156
24015
1
999939
28129
89
17903
16479
28158
17519
1070
100
24030
1071
93
111
110
1027
1031
4097
26377
1120
24014
28141
17734
23960
17455
28133
17862
19951
26095
17743
9
26381
28159
26383
1407
25
28157
1132
1023
1055
32
1149
25983
59
26719
18
16477
17535
28765
1362
1036
127
124
108
1039
125
1134
1122
46
1126
1133
23366
98
1124
26111
25865
17487
2
1103
1150
213071
197635
201485
218431
131109
185471
194367
1599
67135
206175
103981
71213
66607
53
197919
186751
209215
213109
147483
147803
214825
147739
132137
197930
132221
251711
131080
196798
49
204222
131262
213375
149
213295
213999
213119
213102
156699
214319
201822
196687
203295
41
213231
196661
204959
196645
103983
214831
197679
164223
172415
197503
166271
131083
200374
197823
132159
198335
200382
132287
24
178303
206235
131113
197787
1116
149851
16
131075
201535
50
196650
195708
197695
209199
206623
213359
215407
197247
201444
104591
199774
131125
82259
196641
146559
131167
213327
206783
131375
142463
131090
102533
213831
140319
3
174463
148507
170111
131106
34
132526
132138
131114
132393
190847
131105
213157
82371
131074
193661
202258
197151
200831
131391
131118
133311
147551
9308
147743
141439
132399
201023
9327
196651
132130
169087
198063
0
180719
4263
21982
1086
116
24671
117
6
26393
70
21839
17871
25881
17673
44127
199756
81987
201812
131386
214329
66623
197945
132204
200476
206301
196623
104589
147775
206109
98445
133
206772
194785
194797
194799
202243
195773
195775
196975
132415
202614
148671
201790
189631
206203
143672
201791
201095
213183
158747
199791
131116
205914
199775
205918
205919
208667
208671
51
200383
211246
199080
56
166255
199917
197914
147547
46575
132282
199096
199097
131439
197678
206687
131129
147931
206234
42076
132414
205119
132153
209207
218941
164207
209211
197183
205091
191227
208159
200668
196639
199421
197855
200671
131295
199016
202270
199020
199023
198111
199903
206832
202623
177279
206836
206847
206844
161599
132150
183487
206335
200159
200415
202622
200479
206303
161596
161084
165055
201184
199320
199324
81858
204000
34798
200790
34031
199688
199695
218663
199327
197647
199692
196911
201007
19967
24060
22005
81
1118
524803
1028
4101
1148
1359
17478
17679
19919
524291
126
164095
212166
132303
212174
206031
212175
197839
209587
209599
204044
204060
131343
132367
209591
201996
201999
146937
205503
197311
203978
194789
190703
199708
201188
199326
132111
201196
57
131111
140315
201583
218425
104932
149855
195323
196616
251688
192943
196654
47103
197662
49151
172799
196718
156415
147567
132143
197724
202254
200669
153798
200670
197951
132214
140604
70703
147489
132542
204956
131128
167103
34303
34799
34287
199693
197646
208078
197838
204063
144889
198015
164079
131311
218671
176556
205103
47087
196783
198078
205102
9279
131385
178559
196951
196959
197279
66639
31079
31103
206366
197736
203880
31087
132235
31080
31084
16751
31085
12
367
153420
203884
27007
31126
31134
1121
23374
1130
1136
1129
1206
1215
1214
1088
1092
1100
23268
1026
1099
29
23263
23312
623
23267
23299
23330
23345
24669
23436
23478
23327
23315
23574
23306
23310
1093
1101
17445
23589
1077
254
21967
17901
21958
17711
26093
17417
1194
1205
1173
1181
136329
203722
1038
17012
1137
1094
1102
1095
23279
21231
25772
24877
45
25409
1117
25424
24851
1098
1076
17124
1084
23295
203726
203727
8285
18527
131082
197471
1141
109286
383
31101
303
197771
98542
131231
182511
109294
44125
131115
195049
148499
101094
136511
65570
206782
199759
197934
109295
82386
193725
38
140479
202111
132412
196990
204223
200477
103996
181439
196719
131132
109302
76518
109311
194815
80
206047
206030
210142
204047
206207
194813
174319
166127
218679
199694
182653
206239
198457
147935
27
209507
197219
42
209515
209519
196905
201263
36
198441
107247
198832
211238
190447
65775
175231
1147
11
66
24022
2143
25871
1033
28142
737795
17750
10333
22
299
8287
25711
26399
17439
208029
141695
145215
196608
200975
104940
65766
201487
164989
74470
66287
206015
65638
65590
193855
65599
34814
8
209595
197903
132383
212190
65663
170239
65574
201199
34047
199711
131107
131134
48
131835
148716
201021
47099
131131
218409
190945
131122
156991
131171
205411
196713
9583
28
131098
198074
188799
196466
71231
103999
194431
157164
199758
140314
147839
196717
209523
196895
131123
160895
109310
131120
196632
104943
65782
198623
107238
209115
197918
201503
17878
13
65647
201071
208079
210127
131327
33902
75714
99
103
105
102
1131
4262
30757
1073
1085
24055
23547
30447
24623
17443
1025
1029
1037
43
30751
17695
16421
30765
30782
30767
30847
1068
16431
23711
23770
26439
24613
16415
4096
29525
29533
17247
29528
1067
26397
201103
196974
191983
139692
131117
198043
149631
209511
30880
195311
196478
189810
132479
206781
139647
103982
1583
4
196707
66294
158847
205951
73958
65650
200478
212191
199887
66278
135551
767
25887
196664
205094
196920
139745
197223
204207
195327
196714
140413
82242
201846
197759
66303
44126
189629
101119
1279
203982
34543
172159
30944
148783
197048
131553
132142
214847
107
17887
1305
25967
168319
164321
140607
197373
106735
193727
76543
88
197644
131359
201997
201198
147583
74479
196921
132122
32184
164335
74486
201070
198815
182525
204045
34815
218631
196653
190444
166270
17471
16710
22004
25839
17689
123
131425
200205
182767
213218
203936
198463
190959
213503
197231
5
129
199042
209119
104605
199054
199070
143
65669
202259
65791
198042
133615
191980
131178
139617
213487
213743
214015
198146
197735
197737
32248
42079
197359
156797
147535
197696
213615
213230
251657
183421
26
131567
211247
197946
134271
136319
82
1327
17773
213343
196760
188901
131374
213358
132382
198326
202246
197179
196879
65634
65604
65541
218925
65762
198447
76534
201453
81923
65654
213087
200735
24959
16767
24943
18799
4479
203887
16711
23346
23357
21274
30864
23276
1213
1183
1054
23284
16726
766
19910
16454
104948
25449
25425
1146
1081
244
206951
153436
31100
204919
204903
206959
204911
206967
131102
196711
9311
135295
197814
197690
215405
213870
131187
71813
206975
204927
201247
101068
204899
202154
58
17886
17423
894
131086
131191
196898
196727
173181
214335
179327
170367
199871
147471
23731
23683
17855
23986
1167
23735
30533
30541
30029
1066
30446
30559
30557
26351
30463
23917
22349
22351
1389
30543
21855
17663
16393
25933
18159
26367
23919
21869
1263
18255
21871
301
30031
1049
1663
16749
21837
22367
17741
365
1357
22365
18031
1375
1385
1321
1391
1775
589827
122
30532
353
17759
1030
23929
17503
21881
17693
30462
1311
21343
351
20831
29535
4447
19949
16495
202041
98437
204915
205090
132154
147519
67117
17727
213289
213855
196647
10
198058
131197
46571
196906
140031
65685
204958
131195
1110
10335
81922
148605
131182
147951
159
132098
131615
13823
203327
213871
196659
215423
197375
167037
559
24061
17494
28767
1295
19823
25647
25727
201486
196925
132398
201448
201471
102549
82243

--- Conjunto 3 ---
194679
206238
149979
194687
44124
251689
131135
204206
15
149983
166015
63
163967
149851
27
131199
47
131103
132143
147743
147487
170111
49135
132127
158751
199752
201525
201023
201533
201535
131099
206768
195709
195711
132223
181375
23992
23960
32184
194364
203311
196988
196989
196991
82370
131119
140413
191615
197929
206951
206959
131183
132137
206681
195041
195053
198834
198838
195307
198847
192492
201582
198846
132123
196799
199789
156703
194932
192940
194941
131455
164223
131075
131091
182399
218927
211234
195055
218409
148507
205119
209203
199774
206621
148511
215529
31
215533
104581
196655
202242
215549
215535
201480
204952
213994
213998
201444
201440
201452
213103
213039
213311
251693
132207
251705
201796
201792
201823
197711
132111
201806
201804
199233
199245
199261
132175
201807
199247
199237
140319
196687
131151
81987
197199
201484
196760
101060
213827
213839
213855
213831
213439
132191
206780
167039
131197
183423
218921
189567
204919
164991
131107
197727
213055
131111
131087
213999
196927
197663
203294
131129
196719
204915
206782
103972
103983
92
103980
1583
103999
201598
201599
218941
206111
209215
194940
194943
131118
201087
109286
196735
197741
131263
192495
35
199756
57
200374
200382
200383
197823
198335
198326
190591
147483
251695
147931
206110
131167
147803
149855
198063
49151
46591
132142
132159
198062
191613
203936
193663
204903
173183
206685
196671
195323
206623
1116
215551
215423
213359
199772
213231
213119
203327
148607
204911
54
621
557
30813
24052
24063
26719
30815
1022
24060
24669
1125
1133
101
127
34
106
95
17471
28135
24006
201503
28128
28132
28143
28156
28139
28140
1071
17919
17903
999939
17519
28142
17871
28141
28129
17791
1070
1087
1024
100
111
24022
1036
122
1039
109
125
98
1027
1055
4097
26377
1151
1120
1135
26381
17775
26095
24014
17478
28133
26393
26111
26397
1132
1122
1126
23366
1134
16479
62
22015
28159
8287
93
43
29
16415
1148
1149
2
17862
21967
17455
24015
17
26383
19950
9
19951
1023
206783
201820
204956
201821
196711
199263
206967
202025
51
193661
19
44127
197695
218925
203295
197935
197673
196951
132393
196959
194785
200988
199320
218663
199327
204000
31079
206366
367
26991
203880
31087
16751
24943
197771
31080
31100
31084
153420
18815
31085
204014
31126
1121
1130
1136
1129
1215
1206
1214
1088
1103
1100
1092
23268
1026
23276
1
1099
23263
23312
23267
23299
23330
23345
23436
23478
23315
23574
23306
23310
89
1093
1117
20575
1101
8285
23589
17445
17012
26717
1194
1205
1173
1183
1181
136329
203722
31134
31103
203884
104932
1124
1137
1094
1119
1095
1150
1028
102911
42
17124
25772
25433
25379
25402
11
16729
1102
24851
1098
1076
23284
639
1084
204136
156699
18799
383
201832
196968
197992
22911
132115
303
196767
199326
194797
131439
197999
204140
147775
202104
66607
67135
131106
103996
197919
190847
182655
199775
166271
204959
32248
195045
251657
196650
204222
108452
204141
214319
177279
189565
131113
197983
148591
205855
214825
213295
201469
197231
202088
131448
201822
132160
204152
132217
131615
218415
179327
103997
67119
218943
40
209207
196647
201583
197659
202158
133247
202174
206781
202095
185471
251711
41
213375
214015
196921
201487
65669
198015
197650
213071
251709
197945
131432
152703
132392
194367
9308
206175
103981
196798
200831
42076
132399
164207
195327
198146
65599
198008
196703
133
213327
104591
65679
126
17909
24
24671
4263
17647
17487
46
1031
1289
25887
26399
25
132098
214841
131181
131384
131083
214847
28
140415
180719
213487
218937
56
132456
204207
5
214831
204143
213871
197151
88
71213
71215
131375
131262
199871
147739
33
186495
147551
180351
132463
202110
131105
206109
201455
65583
131104
132221
169087
148605
1599
206687
131112
197503
147807
99
103
105
131080
110
0
49
1131
124
16477
1085
1073
1077
24055
23731
24150
17503
25871
23605
25881
17417
1025
25865
1037
1029
24159
21599
1141
17679
23613
17423
4096
29525
351
29528
1067
29533
20831
26179
26183
18014
26191
24158
18015
26207
26107
4271
27902
24051
27903
1038
17999
22102
18006
17673
24120
4110
30732
1057
23606
1069
23883
1048
1086
23681
24191
23757
58
1072
24192
1052
4260
43017
623
38
43021
23705
43023
48
30735
26639
1046
23603
23602
26637
40969
8223
8207
1075
16399
40991
43037
24591
10255
23615
43039
17459
18447
23607
20495
30751
40975
21555
22543
53
2063
18463
1068
25967
8201
25963
8217
17535
43033
108
8221
19926
28157
16454
17870
23685
23693
17551
17231
23390
79
196639
208029
201501
196623
181373
131096
215407
214014
197183
197167
147519
132542
206271
160893
132479
201086
131128
198334
211246
214313
123
13679
3
172527
164335
213887
82371
164989
82386
173181
132627
144703
103982
71231
214335
65574
196717
199759
131090
147547
206239
188543
197675
144700
156799
131176
131567
174463
214333
206772
82259
214329
202159
197679
195708
194365
145215
132110
131098
47103
204142
148783
131131
213870
50
24030
18
17711
104597
136287
204159
202258
198463
131391
178559
197726
66278
8
200975
186863
176556
131074
65685
32
202111
196879
204156
107238
201071
164603
131369
147471
156797
139745
213615
213503
98437
197951
131368
178303
131102
211238
140315
197934
131130
196911
196904
198457
133503
159215
22
1030
21958
17773
26093
28015
16431
70
17494
6
168063
197662
132394
55
131361
199791
197197
197215
104589
187519
172159
131114
185469
201263
131631
143
202243
132415
65638
192493
59
188799
218431
196632
132610
180607
9311
197634
149
201453
81986
12
81922
17917
894
17689
1305
1033
81
66623
191980
205103
198058
190959
131195
201471
206015
196649
197038
156129
131122
197658
190945
201805
21
213183
194789
204958
199324
81858
200790
201839
24959
197736
31135
19199
23283
21279
1198
16650
132172
1118
100836
1064
25502
25497
25375
25503
1058
215977
16767
31101
213417
132122
197792
198447
174207
215997
205090
197359
215981
213358
213935
215999
213545
215983
194366
22623
102
25711
213033
131385
197247
201343
191983
197914
131372
182767
82243
215993
213929
196665
199758
147935
213945
213049
16
209507
213167
213177
45
132409
82242
98447
199199
213437
149631
131193
198074
211247
24061
18527
117
17901
17695
161087
200815
190447
142463
132138
186751
147503
201468
198735
66252
131169
148588
213433
196922
132412
197743
159
213161
190845
42495
247593
196974
28155
1327
18525
510
1331
26439
4262
30757
23711
23774
1074
1078
26447
24188
36
17567
24190
17532
22111
28098
28102
28110
17887
28111
27967
999938
24007
28126
25919
1343
17727
28109
26105
32199
1049
23718
23697
17779
25647
17787
67
20806
1145
23374
26455
17751
1091
83
1047
25935
1090
1082
25927
1107
17743
26167
26296
47030
138710
17735
34639
46518
17479
47038
25943
74065
26318
26268
26272
26175
26322
60
26341
26319
47039
1167
65205
26300
26338
26284
26302
26288
50869
63165
17759
143272
191039
219147
26168
26297
31997
1081
26298
17475
33022
33874
1106
17975
43456
26334
1110
132439
26251
17559
26245
1054
23867
25792
25856
1111
24208
17491
18063
23791
1060
17723
30909
30910
30975
251
21823
18047
23871
26463
24189
18044
22143
61
26442
26458
90
25930
74
26446
10
22141
254
23786
34858
34859
34860
34863
34879
34872
34875
25951
23807
35567
35632
35633
35796
35692
35737
23790
4
87
26462
23802
17754
16511
23767
23765
38593
38594
38531
38997
38456
5267
17495
1171
41130
38597
38322
38543
38381
23775
23732
17621
17516
1045
38483
38545
38510
41021
41022
41343
8575
41280
41263
41319
17599
17731
17588
23740
23729
17593
23741
96
22140
41821
41694
41311
53086
41742
52418
23721
23715
41635
4109
1083
41700
42085
17583
50863
41320
17595
41647
42115
41580
17577
23725
25671
17747
25695
17579
766
41906
42163
41588
42037
23727
23723
42311
41736
41993
41997
42130
42071
42009
23587
48082
48211
48276
48064
9375
42143
33940
48284
62639
71
23317
54762
54315
53676
53693
21994
16831
17439
1146
18048
17524
116
23
107
1066
23301
23259
18032
16405
237360
137134
132079
173732
173748
131109
173740
137649
132260
135473
132276
137653
131124
140479
132287
126609
200891
203101
133549
137135
158754
132146
23309
17482
26459
16510
18040
195475
192340
218517
218525
17119
17140
196954
19188
1065
19279
74470
101068
198163
202259
28158
17734
213423
559
175231
156908
158847
44126
174575
166651
213743
201279
196651
197710
215487
147839
191231
71212
103988
196707
47087
190957
201454
17615
2141
198751
141439
197822
197930
199421
134269
196670
213087
42079
67117
131425
198078
196905
69765
132153
215471
115
157164
197729
184703
104605
17878
30864
24062
25983
132200
199870
132114
44125
215209
188897
209211
13
17135
21267
16689
23327
23322
1213
148815
25407
25413
25417
197594
203742
16500
17125
86
199722
27007
31086
197674
29039
203887
199738
22895
197690
199726
147535
196616
199727
16463
66111
206234
132126
199742
199743
76518
182639
65695
68
183421
131123
197814
100485
197917
197689
148719
30832
17886
895
194942
23279
30765
19678
17783
21727
23770
23743
8245
16409
17626
23777
23780
21929
17631
4270
30782
30847
37
23683
30447
16733
29535
16735
35781
32981
34732
34545
34733
1199
34127
34548
34601
34559
32810
23976
35789
34556
137696
46116
34047
27441
38208
38220
38274
35797
35269
34911
38990
34558
739
1279
35541
38313
35013
34686
69
38223
70331
45518
27539
27551
34607
32991
85
34648
35791
32837
26058
207
35805
33247
34600
34602
34751
23781
21743
23789
16719
196713
131695
213102
82258
196975
98671
251688
161084
139647
201327
201812
65604
65693
4101
17750
21974
1391
131627
201066
144511

--- Conjunto 4 ---

