16384
250000
Quant grupos: 5
Media quant grupos: 1044.0
--- Conjunto 0 ---
263
20439
6046
285
50386
296
7171
295
304
52246
6017
275
48549
51051
261
6111
303
40403
282
273
51172
293
316
62922
34677
298
4397
4389
18516
300
6054
50560
52934
7703
5817
52180
50827
59603
7769
49404
8722
7179
8752
6366
15923
7780
49860
284
50884
50273
39687
51659
26145
291
7183
51557
7463
52083
299
12977
7467
262
7431
50476
50836
6047
49116
281
5823
38355
276
6352
7175
7447
18263
18551
6179
49855
18391
23671
264
6332
40599
40941
38449
267
5862
256
51167
24535
255
50970
51559
287
6574
50984
51238
47346
35918
50479
6894
36947
32775
35919
5824
50370
6350
50839
4483
5826
4191
50837
50971
6824
10359
49671
34082
4251
5818
52422
49183
49407
5866
49223
36735
46316
5828
18519
34258
48148
35288
52423
5830
6016
32779
6348
49863
3
11
36734
5836
49405
51886
50171
6110
49735
6368
33103
6594
26
34259
51887
4107
50930
6208
20592
5816
5904
52247
53530
33055
53432
6355
8650
32791
6039
6038
6514
53946
259
6231
6166
6019
51175
5837
45407
5852
32783
37215
51173
33027
50931
5399
33119
6598
4923
51223
4435
6354
6599
49280
5848
48538
32799
52935
51550
49442
6048
37494
50132
51551
49448
50133
50135
57524
13350
40279
40278
6376
37495
49730
5814
5820
49003
5914
626
49002
12846
5898
8895
5819
6372
15
53920
8894
53283
6370
6371
51047
48591
33039
6365
37203
11031
25289
20873
5841
6349
64593
45055
6359
20875
4115
5895
50773
6357
7149
5859
6059
6191
6347
6353
6369
6443
38227
155
6125
5821
50051
51399
5897
6361
49159
4119
5907
4371
18323
51479
53205
15765
53207
6679
49539
6345
51591
5843
19
6363
5933
5847
33031
24921
32787
20521
32771
6249
48551
40943
20523
33035
7353
52221
33063
7611
52519
52223
6037
46583
50293
12283
5833
6013
6573
37127
42263
5831
54665
6283
5825
49491
49235
288
6358
50459
5827
6051
50387
51003
32847
51000
51022
50511
6346
35818
6058
34131
48151
6274
62923
283
52295
50168
5863
17648
6364
6212
6344
6351
20593
52230
49117
6287
20595
49119
50199
6360
5507
63460
13366
49447
45504
43871
12902
48539
50563
19778
20464
5851
51271
49431
49495
6306
6034
8908
50935
5877
49511
6343
26233
45391
49415
6339
49263
6207
26147
50907
6409
6593
4511
4631
50625
13
7373
37427
5869
39791
50535
37231
45869
5939
33071
5893
33047
49291
51507
5829
0
16407
1024
23
7
50375
265
25
50371
12
27
257
2
29
17751
6
5935
271
8
4
268
269
31
24
4399
22
277
279
4361
52007
32772
5324
280
302
5839
6167
8759
8755
39175
50197
51999
51998
49938
49155
50243
272
274
5815
6295
5503
4383
6015
1065
7033
6001
7035
7032
7034
6523
249984
7039
5495
4379
4475
4363
127
6595
6003
4465
5998
4443
4987
4427
4467
6527
6007
4415
6466
17
4419
4422
50242
4111
33110
14
49170
49708
49711
54730
286
50290
2583
4283
49199
49947
49709
48669
48671
45599
37463
41503
63
38231
6341
33111
20
5331
4281
49362
260
51239
52808
47647
45087
49515
40991
36887
33311
36951
50381
50383
10
49770
49167
7720
5990
4253
50934
2071
21
48763
48760
48826
4165
4285
48123
6219
7191
48733
48735
45663
33028
191
16388
4249
48235
32863
49435
9
39254
49154
5307
49979
49219
4279
4183
266
223
50395
5303
6367
30
49171
5845
52300
50399
50271
50203
49247
54731
41055
44639
49427
47224
32795
6491
4469
4439
4433
6467
46623
10619
49231
50255
49486
32777
36895
33098
36870
51692
48927
50539
45343
46879
48463
49483
32782
42271
32778
51670
51671
52303
49482
32774
47611
49943
62927
49611
32843
47711
41567
49163
47483
48830
46687
52301
52166
52167
51527
50653
4797
1
50167
51655
50561
33156
49479
49343
50039
53327
51270
48415
41247
32776
51398
48943
49527
49463
50119
51575
51695
52897
35615
37151
33102
47391
42319
49237
49239
52961
52967
52963
51427
53546
49681
49683
33030
49763
49187
49191
52323
49312
49687
49175
49685
32768
51235
49185
62926
49222
43295
34127
47903
33567
35103
2327
52451
36950
37126
51299
49418
49315
49251
49313
32769
45855
53579
35079
33231
52899
32770
51567
46367
33038
49255
51939
52835
39174
51811
20560
51206
37663
51543
49767
50723
4479
4411
7038
6005
4471
4369
4354
4368
258
4401
4447
51361
54735
48696
48703
49830
49831
7771
7775
49434
49878
53304
7770
4187
95
91
48697
32804
35078
51693
49487
54734
50985
49379
51363
33051
49452
49610
33064
37123
50475
49451
49614
49162
50472
33034
50275
39199
53582
10519
5
50987
34079
53711
5457
5489
4979
32808
54606
49416
41759
33032
51751
49423
49160
49419
51873
52839
33036
51303
53583
52455
49169
32907
25993
25995
49939
8046
50564
50823
48699
50296
8699
49922
49923
49319
49927
8703
54669
49411
49455
53041
49459
53047
33043
52396
52399
51375
51011
32839
52397
53043
49327
49475
33095
50994
54667
50297
8571
41019
32815
3455
49190
50093
49583
50095
53707
52297
54602
43615
49224
49359
51055
49518
48761
50267
54603
36867
37462
49774
50543
49179
32811
34911
5491
7037
143
53578
48762
39102
53710
53706
32798
51463
49754
49755
49759
51708
51711
51709
45359
49501
33049
50655
17803
16651
25999
33067
50447
47919
53515
49227
50499
51015
7736
52398
33091
32835
50299
47199
33099
52811
49771
32958
51279
2075
36871
36983
36868
36886
51503
37471
45151
12287
49243
48248
47135
43551
44575
32859
45179
32891
32812
48767
41083
49439
51583
42591
50803
49994
49999
49995
11775
40271
37194
33024
52278
16419
52279
46821
46823
54645
50986
53591
50448
49808
49811
26149
49809
25265
49760
49761
25267
53359
50432
25271
49295
50451
50449
20596
20564
49815
5309
6236
6373
3607
4135
50422
53456
53331
53457
53459
36875
50455
53263
51255
49543
54647
37207
49299
16401
16435
44319
49192
16403
32780
17043
16567
51487
53323
36879
47407
53259
35119
48431
33068
49975
50991
32796
37124
17675
8475
52531
50503
52023
52019
32827
8479
11771
50542
42527
159
7689
6159
6470
7381
5501
7383
7382
32842
39247
39215
49991
16395
16779
49287
52039
50251
50351
43311
34923
49195
49414
11647
32846
50988
16452
4317
50903
4103
8062
6375
6374
6211
4287
270
53882
53883
53851
53371
53887
6356
49174
4233
53498
53499
50360
50367
53339
53275
53503
32806
33
4367
4991
4478
4418
50363
26151
16417
24611
49371
49375
39195
47439
53855
49303
62914
36935
47739
53343
53279
16655
42079
47227
4423
49307
24609
20480
36943
25127
37167
51478
50191
49707
26235
53256
53307
48827
50567
44831
53305
50103
53308
17679
16783
44847
53311
51511
33037
49432
49158
322
47709
49230
36982
44223
49519
33054
41263
43579
32807
47675
32861
47802
49775
49164
49166
35448
45147
39686
50207
54607
139
4977
2070
48831
53272
39259
44495
53276
53260
8511
8539
37407
51462
36872
49178
35947
49180
51374
41023
49225
35359
33230
49262
45691
6522
4127
41051
51272
37147
43807
49450
49951
48607
50463
48604
36959
46431
33116
36987
47995
32792
49655
51475
49503
41531
49467
49514
51558
4098
48251
6153
4477
6471
4355
7687
7695
7711
7691
5886
5207
49536
45631
52535
2111
51275
43103
37179
49412
53643
49226
11611
39291
51207
49176
51247
8507
49703
43643
49437
43115
36934
40399
50527
24971
36222
16656
41053
4378
2310
32875
51276
33052
3583
53306
16473
7259
5215
5723
51001
7781
1025
301
4795

--- Conjunto 1 ---
274
5828
275
7703
5816
3
5824
5832
4104
5836
5859
5869
5893
4156
5826
301
303
5315
267
5318
6
23
5817
273
277
6679
282
279
7
5897
9
5998
8062
11
299
298
22
272
50370
26233
293
295
34082
50930
49170
256
25
39687
6167
255
15
280
5841
281
283
0
13
7781
7769
38355
50970
53304
53276
7263
37127
155
287
284
259
26
27
5819
271
4281
6443
6366
6361
6362
6212
10
269
5823
4249
4
4105
285
2071
52376
7775
91
37207
7770
7771
6235
32774
95
4191
39175
4187
32775
49442
31
33031
49435
51352
6747
32776
51591
49830
49831
48699
48696
49237
49239
62922
32783
48927
32779
54731
33055
62923
32799
43295
52379
51355
51238
20592
51708
51711
51692
53327
48591
49938
53323
33035
53711
33039
53260
50167
11031
50039
49463
52166
52167
49431
53307
49495
49247
48415
32846
33051
35103
49307
45343
47903
32778
12
32771
32847
50653
50103
49183
54603
49415
51527
52279
52278
32791
50119
51051
49479
20560
50399
51239
51575
35079
25993
25995
25999
33098
49939
51670
51671
16779
53308
17803
399
49159
52300
49167
50525
48463
51567
50381
32795
48703
50299
50296
20464
8699
50197
49922
32768
49923
54665
49319
49927
33027
49411
32831
49459
53041
52019
53043
32787
52396
52399
51693
51011
51550
49475
32815
35918
36734
52397
49427
51551
50503
51375
50995
49191
50251
48697
50243
48943
50273
48733
49166
48235
48735
49947
49708
49711
49709
32863
45151
50395
41055
48826
48123
54730
49163
37126
49199
41567
48669
12283
47647
37494
51559
48760
48671
50093
50095
49455
52809
52808
45599
37495
40991
32772
41503
36871
37463
12287
50383
14
49770
50543
49519
50255
48251
48763
48830
47711
54734
1025
6013
6015
4445
50371
7033
7035
4467
1065
6523
7032
6001
7034
4443
4447
1024
249984
7039
180352
6003
4427
5
20
5493
257
263
6594
4435
4358
6427
4369
4475
1
4112
5990
4379
4433
4465
6599
4987
6595
6527
6466
4363
5503
2
6522
4119
24
6470
5489
6411
4383
49979
32792
52303
8
54607
36983
33099
41051
47483
45663
47739
48767
48761
32859
52301
2327
33030
11775
62926
33311
36870
36886
37462
46623
10519
35359
49515
36951
32782
49518
47391
50539
41247
50827
52380
49160
46687
49116
19
49119
32843
49175
51695
53579
8046
51655
49943
16651
48607
49231
41083
49304
49176
32796
53578
43615
49486
51463
62927
49855
50560
49540
49975
49527
52039
26145
46367
45855
52383
49483
37167
33071
47407
53359
50447
33038
39711
40271
49243
51359
17679
52377
51503
50375
47675
33095
33091
51015
49327
52398
51507
50297
49179
49967
32770
45179
45435
54735
32856
49514
49226
2078
53706
32845
11643
44664
50271
51543
50207
32959
47199
49412
36950
49227
33043
40223
4479
49223
63
4469
4419
4371
4977
326
6598
322
33131
37151
32891
50267
16655
33052
39174
34911
39007
32777
49294
49487
43551
47736
36943
52378
49162
32839
16929
53707
20596
49423
51583
49655
39199
51356
40399
8703
33047
50994
32827
51279
39686
33375
32907
44575
37447
49610
36887
49775
49418
50191
51055
49774
33134
53710
33034
34943
49615
50203
45087
51462
49482
36934
50507
46879
37179
45176
49177
53582
49375
33028
32923
34923
50564
7191
6467
16
51709
51224
51487
49180
49501
53645
54667
47679
53047
50499
49583
33102
50506
49480
42079
51787
32851
4115
268
4167
5935
4355
258
4399
7381
7383
7382
266
5843
4253
53583
30
49311
48219
32958
395
37212
17807
52811
48223
41311
24971
49308
36939
54602
47197
26235
51471
49991
16783
8471
49611
32835
33075
52023
5491
17
50275
32793
52299
49117
36959
32926
49155
35078
47995
49195
33103
44319
36879
51479
50655
32789
32807
54669
33079
8475
47227
7037
6491
4423
4354
180224
6007
6005
337
4368
4979
4107
32855
49419
49291
37148
34904
51272
49190
48762
32798
49408
50563
33037
45627
18800
49295
8507
44139
47135
32842
45691
48831
36982
48476
45407
44639
331
32780
42591
51784
79
36
49439
43807
42271
49503
36935
47224
39259
35423
37407
33130
41759
47295
43131
35947
16400
4367
4373
4418
8571
25721
49771
32811
51558
52296
47294
49614
8635
49219
49324
8479
350
49263
184448
21
11771
32857
36303
50527
52368
50823
41019
51511
49434
62914
32810
50331
44831
50984
47225
49197
32878
37198
53882
53883
53339
53887
16423
53498
53499
50360
53275
53259
53371
50448
50449
50451
49808
49809
50455
49811
49171
25265
26147
49760
25633
34127
52934
51000
4699
50971
75
34071
51003
5815
5820
4357
5821
4285
38359
38227
50459
50242
4991
159
6218
6207
2583
6219
4359
262
50931
27113
37139
27115
27119
16393
18795
53343
53279
50363
50361
18729
34067
33024
53456
53457
53459
25635
26991
18799
49158
26987
16395
36639
16685
16397
50264
42527
11774
26921
53851
50315
53503
49299
49303
49815
53267
53335
40735
16399
18793
27117
18797
139
26989
49339
4179
5207
18731
26985
53331
16417
18921
16681
53467
127
52007
53263
16687
16392
50335
2331
53855
53375
53355
33152
33156
49287
265
49371
37639
24609
16745
38175
53463
4477
50374
4422
32903
16425
49343
34079
18733
53295
44120
48159
53403
16683
16421
49799
53311
7720
37243
49476
49414
18923
32794
4631
18927
34258
36875
49224
49359
49536
16649
36895
50367
26149
341
223
4098
20564
25267
18735
16429
17959
16387
49424
37147
20544
53395
25127
20500
35
5837
5827
38231
6371
4283
4795
53305
50458
6239
7259
49161
53257
50453
53309
50634
34936
32781
16419
36873
51478
54606
37124
1027
131072
11647
49262
49165
37399
37195
32875
35615
32890
49430
38449
49754
49755
48431
53273
24611
37199
35119
49453
51275
33032
16388
29
7689
5886
5887
4311
7003
249856
33
17675
49433
50051
33040
25997

--- Conjunto 2 ---
62922
48669
37494
51559
40991
3
37495
48671
51051
54731
12283
39687
41503
53578
49938
50381
50383
15
49359
32779
32775
51692
48927
33028
45343
33055
32783
50539
47391
32799
11
33031
48591
50827
49247
49231
20592
41247
54730
62923
54735
53305
5998
7
48415
32795
49482
11031
51670
51671
48763
48760
49708
49711
49709
4
48123
50395
39175
49947
48733
48735
48235
45663
49427
11647
45599
52808
48761
48826
49199
49435
52300
51655
49943
53882
53883
53887
16395
50560
26149
53498
53499
50370
51238
50360
50363
53275
26145
53327
32774
51695
54603
33030
49291
37127
50448
50455
50451
33043
50543
49191
49808
32787
49811
33047
49175
49299
32782
49809
25265
53459
53456
53359
5
33040
49431
53710
47903
279
50449
51527
49408
50823
23
50371
62927
53307
8
37151
46879
40271
53309
49415
25993
25999
25995
49495
17803
53311
16779
50399
49418
49183
51463
45151
50271
32815
47135
47647
43551
33311
32771
36871
49515
45087
36951
49414
46623
32842
45855
49163
35103
39199
49483
49167
54734
32843
37243
32863
36875
53259
53503
43807
62926
43295
53273
32772
49815
53257
19
49303
53263
16419
51567
33051
33102
9
13
155
27
7703
6013
5503
271
255
6015
281
283
256
25
26
6679
287
4447
7033
6001
50375
41
7032
4443
7035
4479
7034
7039
6003
0
249984
22
4475
4119
4379
267
6007
257
1024
6594
280
4433
5990
4363
4465
4987
6523
4435
2
6595
351
6
263
6495
14
4383
7191
340
259
31
5841
24
6527
6466
4371
275
53267
54607
32777
46367
399
16783
51543
16651
49479
46687
52303
53277
36870
36950
53706
36934
33034
32770
12
51055
53343
37
53323
53279
39174
53579
49171
10
49165
51239
49161
53707
49419
41055
43103
49375
41567
50093
49455
33039
49583
50095
33071
44575
51558
32778
49446
37462
32768
49162
49423
52299
53339
53851
49311
50361
26147
32781
20564
49160
36639
32791
53331
35615
25633
53457
35079
43615
37126
42527
32776
33131
33098
47711
53289
50564
49287
50207
32847
33327
36887
2327
36935
35359
33099
50255
2331
33032
42271
45179
1065
5495
29
6167
1
6598
17
5459
4467
6470
4418
49939
20496
50453
32846
53582
16655
49486
50119
51575
49155
36943
24611
33
51693
48696
48699
48943
49243
33103
50653
37167
50447
47407
51550
35918
50273
53295
39686
51478
51479
52166
52167
52811
49770
41563
49979
49478
36886
11643
33070
49774
32859
36982
10519
51279
33038
52301
41051
52302
49295
51272
47806
52039
50167
49159
49855
49463
32823
49754
50567
49755
49527
49975
51708
50655
44319
51709
51711
40399
33037
45871
51583
50039
50103
41263
50296
49830
49831
20464
51000
8699
50197
8507
49922
49923
54665
49411
49227
50251
4991
5501
20
131200
1025
339
4369
4419
4979
131072
41023
53041
33075
53043
51507
49459
52396
52399
51011
51015
32835
33091
52397
50499
36734
51375
49327
50994
48697
47675
49927
50297
33027
50299
35078
54606
26233
37463
48830
49154
11775
12287
43199
49179
39103
36891
33035
50563
38449
49487
33053
35151
17675
36872
33135
41775
8575
8571
52019
36222
49503
41019
32827
54667
44139
51275
11771
49195
49519
2319
44639
49237
49239
49319
16659
7769
7775
51591
49434
50970
7771
33058
7770
4187
91
38355
50971
6751
7781
7783
5843
282
284
301
303
272
273
5817
274
5815
5828
5816
5824
5832
5836
5859
5869
5831
5893
5826
5827
4361
5897
269
63
5491
5489
4427
4354
298
293
295
34082
50930
4253
5819
5307
6443
6219
6352
6356
6212
4281
5823
50931
2071
4631
49367
285
27321
95
75
49442
24635
32807
45627
27323
48762
37124
25273
34127
16392
20596
48431
35119
50527
45359
27325
19129
27327
48703
51511
52535
51551
43579
41531
54669
49614
36983
52376
49304
52378
52379
49226
50315
49610
26811
52809
47611
16443
286
16
6005
535
6467
258
184448
4437
2583
74
6427
6599
4359
52007
35423
36303
49152
50243
26235
16441
18617
16571
51503
16409
16397
48463
16399
8703
52398
49475
33095
53047
16415
42559
16393
8511
32958
37179
11774
54602
47736
32780
39247
32792
51352
49178
2395
49518
47199
49116
17807
48607
39291
36959
52380
49223
40223
49158
16445
49655
26809
52278
4469
16411
50267
52531
32831
8475
18928
7689
268
5886
7611
6155
4360
7687
4423
4105
7691
7695
7711
4107
5927
5942
6609
6153
4103
7381
7383
4311
7382
266
50275
47995
34923
49510
37407
52377
7720
48827
49119
47452
33119
34911
395
49176
16573
39711
51487
18489
16412
49971
16569
33887
191
6471
49166
51273
49230
34936
49305
48831
20560
50461
49439
16575
25279
319
50995
8635
43039
7736
37195
49262
32888
53711
4471
326
6491
42079
41080
49343
26683
19135
32839
36895
18619
8046
41083
18621
49703
45631
54657
4367
4177
6459
4422
30
32856
50051
45691
53304
50984
49615
47739
53375
49307
32
49760
52279
26151
49763
49767
35
16417
16447
33403
32794
34904
53371
53435
49536
49433
8062
49339
36883
49424
53403
62914
32891
33567
34079
331
53335
49190
47225
49581
50561
49294
49219
16408
16401
16385
16440
49611
19133
20480
16413
53271
50183
6239
4191
6235
4699
1119
5839
5318
7716
5821
4181
4977
4113
26237
6362
270
61
51737
38359
51229
51225
51739
51227
51741
49177
33823
49453
49422
53467
32796
17953
51743
51231
50311
25267
51224
50538
4355
223
32797
49224
49181
53583
44831
42591
49967
36867
5932
5920
4463
5996
291
5933
7633
7635
7507
7639
6587
7615
5979
5587
347
5463
4415
4098
6483
4539
6591
5467
315
4563
262
415
5591
4507
343
346
330
443
147456
88
4439
5982
4375
5470
327
5335
87
5207
1111
4123
50510
24609
51228
36879
4431
53322
53463
49514
11642
35007
16421
32798
277
36987
39
33024
32903
3455
50831
49164
53855
41759
139
4373
323
4955
6411
6431
50362
50367
25637

--- Conjunto 3 ---
48669
51559
37494
48671
11031
62922
32783
51051
3
37495
41503
15
40991
37462
6
32799
11
32775
33035
36935
36871
42527
12283
33031
39687
49938
50381
50255
50383
32774
51692
48927
33055
45343
5998
5990
8046
48591
50827
49247
20592
32779
35103
47903
49482
51737
51739
32795
33034
51670
48760
48763
49708
49709
48826
49711
48123
50395
33030
49199
49947
39175
48733
48235
48735
32863
41055
32768
32772
45599
54731
52808
54602
37126
51279
52300
49943
51655
37127
53882
7
53883
26145
49163
50560
53887
50370
51238
53498
53499
50361
50360
50363
53275
53259
53327
62923
33051
62926
50449
50448
50455
49427
33027
50451
49808
49811
49815
33043
49809
35079
49171
32787
20496
49299
50371
49190
25265
53456
53459
53463
53457
53359
33047
51695
41759
45855
54730
47391
51229
41247
32776
49431
53263
32777
32771
49231
49415
50823
32782
49179
51228
25993
25995
23
395
25999
50399
54735
51527
52303
50271
27321
49183
49435
32815
8
49939
14
50093
50095
49455
49583
49581
47647
36870
36982
32791
36950
37463
49515
12287
11647
33039
50984
48415
51225
43295
51671
49167
48830
279
53855
53339
53307
53279
50831
37151
51227
13
155
139
7703
6013
6015
6679
255
6167
281
283
25
31
26
4367
7033
6001
50375
7032
7035
7039
7034
267
4479
4475
249984
4379
4467
4447
271
256
27
6005
259
30
24
263
1024
6594
287
280
6595
4443
6523
6003
4369
6598
6527
6599
5841
4119
5503
2071
10
4103
0
4465
5491
4363
4
4987
2
51239
49177
51741
50506
12
49423
49483
49418
49237
33098
49239
48696
50247
49830
54665
49831
51000
7769
51591
91
6747
50970
7771
4187
6235
49442
7770
7775
38355
4703
51003
7781
282
284
303
301
272
275
273
5817
5819
274
5815
5828
5816
5824
5832
5836
5859
5869
5893
5826
5827
22
5143
5897
4361
4253
298
293
295
34082
50930
7783
50971
26233
257
25727
4281
6443
6358
6344
6350
4182
6212
269
5821
159
51034
39174
4699
95
50458
49242
49498
5727
33028
75
49191
48699
32859
49499
51035
36943
50526
16651
16783
49479
47711
45663
41567
8062
48761
62914
49162
51055
27113
53579
44319
32778
49495
37147
51463
53706
53323
50367
49307
50522
32862
33040
51038
33054
32903
54603
44831
16779
52301
49161
49414
50539
33311
50543
50523
46367
62927
53343
53503
49230
16417
49503
49412
53267
49486
32858
38175
2327
51543
50207
10519
33099
41051
48831
49536
16399
49502
49175
33
53331
26147
16419
4477
1065
4411
4371
322
6471
33024
53710
32846
32770
53711
45179
53371
54734
33114
1
53707
53467
49287
17803
32843
49967
36934
46623
36887
45087
33115
50527
16395
42271
399
49375
36951
268
5932
6037
4375
6467
5901
6470
4354
6466
6039
5399
285
4419
5903
4355
7381
87
7382
266
7383
5207
6544
6545
4503
6547
6551
6526
1067
6975
6012
4499
5525
4501
4418
6030
1027
7683
264
5970
262
5920
6047
5939
6048
10754
9
10755
5926
6659
261
5900
10242
2055
2051
4099
10247
10759
6147
2563
4364
4611
5123
7687
10243
5388
5635
515
4615
6491
2050
6490
2054
4383
10758
4981
4113
5921
5923
4387
4307
5847
19
49159
52007
49155
53851
49295
49291
36879
33135
51567
40223
33119
52811
53578
3419
43131
41083
53471
20596
33156
36175
17807
53583
16393
36886
47135
39199
32794
32891
43615
51693
20564
53582
49419
36303
11775
37195
6007
4427
26149
34071
51039
50564
49615
32847
44639
16569
50243
46715
44139
16421
49219
26809
50267
41150
32842
36867
34936
53403
53375
24609
49487
44575
52809
35078
49227
49226
49614
33375
39803
5
5489
7003
4107
17
4373
42015
32840
49303
46879
43039
50315
32907
35
33103
16409
47199
54607
49158
33152
45151
49408
37
20480
223
4422
326
258
20
16655
47995
51275
49514
47739
32798
51503
49259
39032
32780
47736
53295
48697
20464
50197
50459
6239
49434
4799
5820
5319
299
4162
25209
6375
6374
6343
53994
4191
53354
49448
49611
43551
53999
51272
49339
53995
53483
53386
5655
6427
53258
49311
50335
49478
45691
20560
53998
53482
49166
36983
53486
53262
52376
53291
53294
33102
24611
49799
37407
49518
4631
29
4423
40271
50203
47611
35615
46687
36875
49683
16563
32792
53358
39
53290
10623
61898
49243
7038
331
127
332
6609
7689
5927
5943
6611
4391
5527
7024
7025
7027
4471
6991
7031
6479
335
4431
8049
5929
5924
4444
6411
4446
16
5201
286
5843
6613
4437
6483
270
6481
276
4435
6541
6574
11757
34677
4433
8659
11629
11759
6485
18516
6579
6567
6568
6543
6580
6585
291
16301
6575
6584
6571
6572
12717
15791
4439
35818
47759
54786
6542
7999
4368
8255
8468
4493
10864
6583
277
33109
6562
4389
6561
5966
6448
6464
6052
4372
4515
5947
265
4430
7727
7743
62
5455
4511
5967
6615
5535
6610
6614
6482
18
63
5946
8714
8715
8719
8718
6487
5951
8891
8908
8949
8923
8934
21
5950
4438
4127
5941
9648
9632
9749
9614
1316
292
10282
9649
9580
9635
9595
5933
4405
9620
9636
9627
10255
10335
2143
10320
10315
10329
4399
4432
4397
5935
4398
10455
10423
10327
13271
10435
13104
5930
5928
10408
10425
10521
4395
12715
10330
10411
10528
10395
4394
5931
6417
4436
6423
191
10476
10540
10397
10509
10577
10434
10498
10499
10532
10517
10502
5896
12020
12052
12069
12016
2343
10535
8485
12071
15659
5829
13690
13578
13419
13423
5498
4207
4359
4512
4381
5825
5814
4508
4101
59340
34283
33019
43433
43437
43435
34412
33065
33868
33069
34413
32781
35119
33071
31652
50222
50775
33387
39688
33036
4370
4510
48868
48085
54629
54631
4279
4285
49238
4797
4819
18617
25267
49540
53355
43807
39227
39711
43643
41662
53435
50319
53871
36959
47807
25997
49176
11771
4403
535
49687
35359
49855
33567
53271
32856
49519
17441
33038
53867
28
39291
49432
46175
26151
4469
7716
6495
33050
53802
47224
52302
4283
5316
4172
5831
5830
37203
6351
6353
6354
49398
50935
4125
49930
6751
7259
49934
5723
49422
49931
36883
49154
4115
16527
51558
49935
19129
45659
16423
49453
25121
37179
7708
7691
4919
4445
5431
5942
2061
4102
4406
5944
5945
5482
4407
7695
7711
7611
4183
8945
8245
8683
8636
8531
8637
8650
8639
8202
5994
8947
34424
11529
8511
6860
9552
9555
9568
8817
8727
9747
184
319
8885
9578
8753
8671
17582
11379
6884
6887
8651
8247
8662
8209
6514
51
8951
8311
8687
5435
4179
49178
32923
24667
34911
50331
50453
16401
1025
5493
347
32906
50266
36127

--- Conjunto 4 ---

