32768
250000
Quant grupos: 5
Media quant grupos: 859.75
--- Conjunto 0 ---
131
10219
3023
142
25193
148
3585
147
152
26123
3008
137
24274
25525
130
3055
151
20201
141
136
25586
146
158
31461
17338
149
2198
2194
9258
150
3027
25280
26467
3851
2908
26090
25413
29801
3884
24702
4361
3589
4376
3183
7961
3890
24930
25442
25136
19843
25829
13072
145
3591
25778
3731
26041
6488
3733
3715
25238
25418
24558
140
2911
19177
138
3176
3587
3723
9131
9275
3089
24927
9195
11835
132
3166
20299
20470
19224
133
2931
128
25583
12267
127
25485
25779
143
3287
25492
25619
23673
17959
25239
3447
18473
16387
2912
25185
3175
25419
2241
2913
2095
3412
5179
24835
17041
2125
2909
26211
24591
24703
2933
24611
18367
23158
2914
9259
17129
24074
17644
2915
16389
3174
24931
1
5
2918
25943
25085
24867
3184
16551
3297
13
2053
25465
3104
10296
2952
26765
16527
26716
3177
4325
16395
3019
3257
26973
129
3115
3083
3009
25587
22703
2926
16391
18607
16513
2699
16559
3299
2461
25611
2217
24640
2924
24269
16399
25775
24721
3024
18747
25066
24724
25067
28762
6675
20139
3188
24865
2907
2910
24501
2957
313
6423
2949
4447
3186
7
26960
26641
3185
25523
24295
16519
3182
18601
5515
12644
10436
2920
32296
22527
3179
10437
2057
2947
25386
3178
3574
2929
3029
3095
3173
3221
19113
77
3062
25025
25699
2948
3180
24579
2059
2953
2185
9161
25739
26602
7882
26603
3339
24769
3172
25795
2921
9
3181
2966
2923
16515
12460
16393
10260
16385
3124
24275
20471
10261
16517
3676
26110
16531
3805
26259
26111
3018
23291
25146
6141
2916
3006
3286
18563
21131
27332
3141
24745
24617
144
25229
3025
25501
16423
25500
25511
25255
17909
17065
24075
3137
26147
25084
8824
3106
26115
3143
10297
24559
25099
2753
31730
6683
24723
22752
21935
6451
25281
9889
10232
2925
25635
24715
24747
3153
3017
4454
25467
2938
24755
3171
13116
22695
24707
3169
24631
3103
13073
25453
3204
3296
2255
2315
25312
6
3686
18713
2934
19895
25267
18615
22934
2969
16535
2946
16523
24645
25753
0
8203
512
11
3
25187
12
14
8875
2967
135
4
2
134
15
2199
139
2180
26003
16386
2662
2919
4379
4377
19587
25098
25999
24969
24577
25121
3147
2751
2191
3007
532
3516
3000
3517
3261
124992
3519
2747
2189
2237
2181
63
3001
2232
2999
2221
2493
2213
2233
3263
3003
2207
3233
8
2209
2211
2055
16555
24585
24854
24855
27365
25145
1291
2141
24599
24973
24334
24335
22799
18731
20751
31
19115
3170
10
2665
2140
24681
26404
23823
22543
24757
20495
18443
16655
18475
25190
25191
24885
24583
3860
2995
2126
1035
24381
24380
24413
2082
2142
24061
3109
3595
24366
24367
22831
16514
95
8194
2124
24117
16431
24717
19627
2653
24989
24609
2139
2091
111
25197
2651
2922
26150
25199
25135
25101
24623
20527
22319
24713
23612
16397
3245
2234
2219
2216
23311
5309
24615
25127
24743
16388
18447
16549
18435
25846
24463
25269
22671
23439
24231
24741
21135
25835
26151
23805
24971
31463
24805
16421
23855
20783
24581
23741
24415
23343
26083
25763
25326
2398
25083
25827
16578
24739
24671
25019
26663
24207
20623
24471
24763
24731
25059
25787
25847
26448
17807
18575
23695
21159
24618
24619
26480
26483
26481
25713
26773
24840
24841
24881
24593
24595
26161
24656
24843
24587
24842
16384
25617
24592
21647
17063
23951
16783
17551
1163
26225
25649
24709
24657
24625
22927
26789
17539
16615
26449
25783
23183
24627
25969
26417
25905
10280
25603
18831
25771
24883
25361
2239
2205
3002
2235
2184
2177
2200
2223
25680
27367
24348
24351
24915
3885
3887
24939
26652
2093
47
45
16402
24689
25681
16525
24726
16532
18561
25237
24725
24807
25236
25137
19599
26791
5259
25493
17039
26855
2728
2744
2489
16404
27303
24708
20879
16516
25875
24711
24580
25936
26419
16518
25651
26227
24584
16453
12996
12997
4023
25282
25411
24349
25148
4349
24961
24659
24963
4351
27334
24705
24727
26520
24729
26523
16521
26198
26199
25687
25505
16419
26521
24663
24737
16547
25497
27333
4285
20509
16407
1727
25046
24791
25047
26853
26148
27301
21807
24612
24679
25527
24759
25133
18433
24887
25271
24589
16405
17455
2745
3518
71
19551
25731
24877
24879
25854
25855
22679
24750
16524
25327
8901
8325
12999
16533
25223
23959
26757
24613
25249
25507
3868
16545
16417
25149
23599
26405
16479
25639
1037
18491
18434
25751
18735
22575
6143
24621
24124
23567
21775
22287
16429
22589
16445
16406
24383
20541
24719
25791
21295
25401
24997
24999
5887
20135
18597
16512
26139
8209
23410
23411
27322
26795
25224
24904
24905
13074
12632
24880
12633
26679
25216
12635
24647
25225
10298
10282
24907
2654
3118
1803
2067
25211
26728
26665
26729
18437
25227
26631
25627
24771
27323
18603
24649
8200
8217
22159
24596
8201
16390
8521
8283
25743
26661
18439
23703
26629
17559
24215
16534
24987
25495
16398
18562
8837
4237
26265
25251
26011
26009
16413
4239
5885
21263
79
3844
3079
3235
3690
2750
3691
19623
19607
24995
8197
8389
24643
26019
25125
25175
21655
17461
24597
5823
25494
8226
2158
25451
2051
4031
3187
3105
2143
26941
26925
26685
26943
2116
26749
25180
25183
26669
26637
26751
16403
16
2183
2495
25181
13075
8208
12305
24685
24687
19597
23719
26927
24651
31457
18467
23869
26671
26639
8327
21039
23613
24653
12304
10240
18471
12563
18583
25095
24853
13117
26628
26653
25283
22415
25051
26654
8839
8391
22423
26655
25755
24716
161
23854
22111
20631
21789
23837
16430
23901
24582
17724
22573
25103
69
2488
26636
19629
22247
26638
26630
4255
4269
18703
18436
17973
24590
20511
17679
22845
2063
20525
25636
18573
21903
24975
24303
25231
24302
18479
23215
16558
18493
23997
16396
24827
25737
24751
20765
24733
2049
24125
3076
2238
3843
3847
3855
3845
2943
2603
24768
22815
26267
1055
25637
21551
18589
24706
26821
5805
19645
24588
25623
4253
24851
21821
24718
21557
20199
25263
12485
18111
8328
20526
1155
16437
25638
16526
1791
8236
3629
2607
2861
2397

--- Conjunto 1 ---
137
2914
3851
2908
1
2912
2916
2052
2918
2929
2934
2946
2078
2913
150
151
2657
133
2659
3
11
136
138
3339
141
139
2948
4
2999
4031
5
149
25185
13116
146
147
17041
25465
24585
128
12
19843
3083
127
7
140
2920
0
6
3890
3884
19177
25485
26652
26638
3631
18563
77
143
142
129
13
2909
135
2140
3221
3183
3180
3181
3106
134
2911
2124
2
1035
26188
3887
45
18603
3885
3117
16387
47
2095
19587
2093
24721
15
16515
24717
25676
3373
16388
25795
24915
24349
24348
24618
24619
31461
16391
24463
16389
27365
16527
16399
21647
26189
25677
25619
10296
25854
25855
25846
26663
24295
24969
26661
16517
26855
16519
26630
25083
5515
25019
24731
26083
24715
26653
24747
24623
24207
16423
16525
17551
24653
22671
23951
16385
25326
25051
24591
27301
24707
25763
26139
16395
25059
25525
24739
10280
25199
25787
17539
12996
12997
12999
16549
25835
8389
26654
8901
199
24579
26150
24583
25262
24231
25783
25190
16397
24351
25149
25148
10232
4349
25098
24961
16384
27332
24659
24963
16513
24705
16415
24729
26520
26009
26521
16393
26198
26199
25505
25775
24737
16407
17959
18367
24713
25251
25687
25497
24595
25125
25121
24471
25136
24366
24117
24367
24973
24854
24855
16431
22575
25197
20527
24413
24061
24581
24599
20783
24334
6141
23823
18747
25779
24380
24335
25046
25047
24727
26404
22799
20495
16386
20751
18435
18731
6143
25191
24885
25271
24759
25127
24125
24381
24415
23855
27367
512
3006
3007
2222
3516
3517
2233
532
3261
3000
2221
2223
124992
3519
90176
3001
2213
10
2746
131
3297
2217
2179
3213
2184
2237
2056
2995
2189
2216
2232
3299
2493
3263
3233
2181
2751
2059
3235
2744
3205
2191
24989
16396
26151
27303
18491
20525
23741
22831
23869
24383
16429
1163
5887
31463
16655
18443
23311
5259
17679
24757
18475
23695
25269
20623
25413
26190
24580
23343
24558
9
24559
16421
24587
25847
26789
4023
25827
24971
8325
24303
24615
20541
24652
24588
16398
21807
24743
25731
24927
25280
24770
24987
24763
26019
13072
23183
22927
26191
24741
18583
16535
23703
26679
25223
19855
20135
24621
25679
8839
25751
25187
23837
16547
16545
25507
24663
25753
24589
24983
22589
22717
16428
24613
1039
26853
16422
5821
22332
25135
25771
25103
16479
23599
24706
16521
20111
2239
24611
31
2234
2209
2185
2488
163
161
16565
18575
16445
25133
8327
16526
17455
19503
24647
21775
23868
18471
16419
8464
10298
24711
25791
24827
19599
25678
20199
4351
16523
16413
25639
16687
16453
22287
18723
24805
24887
24709
25095
25527
16567
17471
24807
25101
22543
18467
25253
23439
18589
22588
26791
24687
16514
16461
17461
25282
3595
8
25612
25743
24590
24750
26822
27333
23839
26523
25249
24791
16551
24740
21039
25893
16425
2057
2083
2967
2177
2199
3690
3691
2921
2126
24655
24109
197
18606
8903
26405
24111
20655
12485
24654
18469
23598
13117
25735
24995
8391
4235
16417
16537
26011
2745
25137
26149
18479
16463
24577
23997
24597
22159
18439
25739
25327
16394
16403
27334
16539
4237
23613
3518
3245
2211
90112
3003
3002
168
2489
2053
16427
24645
18574
17452
25636
24704
25281
16518
22813
9400
4253
22069
23567
22845
24238
22703
22319
165
16390
21295
25892
39
18
24719
21903
21135
24751
23612
19629
17711
18703
20879
23647
21565
17973
8200
2183
2186
4285
12860
16405
26148
4317
24609
24662
4239
175
24631
92224
5885
18151
25263
26184
25411
20509
25755
31457
25165
22415
25492
24598
16439
18599
26941
26669
26943
8211
26749
25180
26637
26629
26685
25224
25225
24904
25227
24905
12632
13073
24880
12816
17063
26467
25500
2349
37
17035
25501
2907
2910
2178
2142
19179
19113
25229
2495
79
3109
3103
1291
13556
18569
13557
13559
8196
9397
26671
26639
25181
9364
17033
16512
26728
26729
12817
13495
9399
13493
8197
18319
8342
8198
25132
21263
13460
26925
25157
26751
24649
24651
24907
26633
26667
20367
8199
9396
13558
9398
69
13494
24669
2089
2603
9365
13492
26665
8208
9460
8340
26733
63
26003
26631
8343
25167
1165
26927
26687
26677
16576
16578
24643
132
24685
18819
12304
8372
19087
26731
2238
16451
8212
24671
17039
9366
26647
22060
24079
26701
8341
8210
24899
26655
3860
18621
24738
9461
2315
9463
17129
18437
24612
24679
24768
8324
18447
25183
13074
170
111
2049
10282
12633
9367
8214
8979
8193
24712
18573
10272
26697
12563
10250
17
19115
3185
2141
2397
3119
3629
26628
25226
25317
17468
8209
18436
18562
513
65536
5823
24582
18699
18597
16437
17807
19224
24877
24215
26636
12305
17559
24726
25637
16516
8194
14
3844
2943
2155
3501
124928
16
8837
24716
25025
16520
12998

--- Conjunto 2 ---
31461
24334
18747
25779
20495
1
24335
25525
27365
6141
19843
20751
26789
24969
25190
25191
7
24679
16389
16387
25846
24463
16514
22671
16527
16391
25269
23695
16399
5
16515
24295
25413
24623
24615
10296
20623
27367
26652
2999
3
24207
16397
24741
5515
25835
24381
24380
24854
24855
2
24061
25197
19587
24973
24366
24367
24117
22831
24713
5823
22799
26404
24413
24599
24717
26150
25827
24971
26941
26943
8197
25280
13074
26749
25185
25619
25180
25181
26637
13072
26663
25847
27301
24645
18563
25224
25227
25225
16521
25271
24595
24904
16393
24905
16523
24587
24649
12632
26729
26728
26679
16520
24715
26855
23951
139
25763
24704
25411
11
31463
26653
4
18575
23439
20135
26654
24707
12996
12999
12997
24747
8901
26655
8389
25199
24709
24591
25731
22575
25135
16407
23567
23823
21775
16655
16385
18435
24757
22543
18475
23311
16421
22927
24581
17551
19599
24583
18621
16431
18437
26629
26751
21903
21647
26636
16386
24907
26628
9
24651
26631
8209
25783
16525
16551
6
77
13
3851
3006
2751
135
127
3007
140
141
128
12
3339
143
2223
3516
3000
25187
20
2221
3517
2239
3519
3001
0
124992
2237
2059
2189
133
3003
512
3297
2216
2995
2181
2232
2493
3261
2217
175
131
3247
2191
3595
170
129
15
2920
3263
3233
2185
137
26633
27303
16388
23183
199
8391
25771
8325
24739
23343
26151
26638
26853
18467
16517
25527
26671
18
26661
26639
24585
24582
24580
20527
21551
24687
20783
25046
24727
16519
24791
25047
16535
22287
24723
18731
16384
24711
26149
26669
26925
24655
13073
16390
10282
18319
16395
26665
17807
12816
17539
21807
21263
16565
16549
23855
26644
25282
24643
25103
16423
16663
18443
1163
17679
25127
1165
16516
21135
22589
532
2747
14
3083
3299
8
2729
2233
3235
2209
10248
25226
26791
8327
24743
25059
25787
24577
18471
12305
16
24348
24349
24471
24621
25326
18583
25223
23703
25775
17959
25136
26647
25739
26083
26405
24885
20781
24989
5821
24887
16429
18491
5259
25639
20525
24647
25636
23903
26019
25083
24579
24927
24731
16411
24877
25283
24763
24987
25854
25327
22159
25855
20199
16518
22935
25791
25019
25051
20631
25148
24915
10232
25500
4349
25098
4253
24961
27332
24705
24613
25125
2495
2750
10
65600
169
2184
2489
65536
20511
26520
16537
26521
25753
24729
26198
26199
25505
25507
16417
16545
25249
18367
25687
24663
25497
23837
24963
16513
25149
13116
24415
5887
6143
21599
24589
19551
18445
25281
19224
16526
17575
8837
18436
16567
20887
4287
4285
26009
18111
24751
20509
16413
27333
22069
25637
5885
24597
24759
1159
22319
24618
24619
24659
8329
3884
3887
25795
25485
3885
16529
2093
45
19177
3375
3890
3891
2921
142
150
151
136
2908
2907
2914
2912
2916
2918
2929
2934
2915
2946
2913
2180
2948
134
31
2745
2744
2213
2177
149
146
147
17041
25465
2126
2909
2653
3221
3109
3176
3178
3106
2140
2911
1035
2315
24683
13660
47
37
24721
12317
16403
22813
13661
18562
12636
17063
8196
10298
24215
17559
25263
22679
13662
9564
13663
24351
25755
26267
21789
20765
27334
24807
26188
24652
26189
25157
24805
13405
23805
8221
3002
267
92224
2218
1291
3213
2179
26003
17711
18151
24576
25121
13117
8220
9308
8285
25751
8204
8198
24231
8199
4351
24737
16547
26523
8207
21279
4255
16479
18589
23868
19623
16396
25676
1197
23599
24558
8903
24303
19645
18479
26190
24611
20111
8222
24827
13404
26139
2234
8205
25133
26265
16415
4237
9464
3844
2943
3805
3077
3843
2211
2052
3845
3847
3855
2053
2963
2971
3304
3076
2051
3690
3691
2155
25137
23997
17461
24755
18703
3860
24559
23726
16559
17455
197
24588
8286
19855
25743
9244
8206
24985
8284
16943
95
17468
10280
25230
24719
8287
12639
159
4317
21519
3868
18597
24631
16444
2235
163
3245
21039
20540
24671
13341
9567
16419
18447
9309
4023
20541
9310
24851
22815
27328
2183
2088
3229
16428
25025
22845
25492
23869
26687
24653
24880
13075
24881
24883
17
8208
8223
16701
17452
26685
26717
24768
24716
4031
24669
18441
24712
26701
31457
16445
16783
17039
165
26667
23612
24790
24609
8200
8192
9566
10240
26635
25091
3119
2095
3117
2349
559
2919
2659
3858
2910
2090
2488
2056
13118
3181
30
25868
19179
25614
25612
25869
25613
25870
16911
24726
26733
16398
8976
25871
25615
25155
12633
111
24612
24590
22415
21295
24983
18433
2966
2960
2231
2998
145
3816
3817
3753
3819
3293
3807
2989
2793
173
2731
2207
2049
3241
2269
3295
2733
157
2281
207
2795
2253
171
221
73728
44
2219
2991
2187
2735
2667
43
2603
555
2061
25255
12304
18439
2215
26731
17503
8210
138
18493
19
16512
16451
1727
25415
26927
20879
69
2186
161
2477
3205
3215
25183
12818

--- Conjunto 3 ---
24334
25779
18747
24335
5515
31461
16391
25525
1
20751
7
20495
18731
3
16399
5
16387
16517
18467
18435
21263
6141
16515
19843
24969
25190
25127
25191
25846
24463
16527
22671
2999
2995
4023
24295
25413
24623
10296
16389
17551
23951
24741
25868
25869
16397
25835
24380
24381
24854
24413
24855
24061
25197
24599
24973
19587
24366
24117
24367
16431
20527
16384
16386
22799
27365
26404
27301
18563
25639
26150
24971
25827
26941
13072
24581
25280
26943
25185
25619
26749
25180
25181
26637
26629
26663
16525
31463
25224
25227
24713
16513
25225
24904
24905
24907
16521
17539
24585
16393
10248
24649
24595
12632
26728
26729
26731
26679
16523
25847
20879
22927
23695
25614
20623
16388
24715
26631
16385
24615
24707
25411
24589
12996
12997
11
197
12999
25199
27367
25763
26151
25135
13660
24591
24717
16407
4
25046
25047
24727
24791
24790
23823
18491
16395
18475
24757
6143
5823
16519
25492
24207
25612
21647
24583
24415
139
26927
26669
26653
26639
25415
18575
25613
6
77
69
3851
3006
3007
3339
127
3083
140
141
12
15
13
2183
3516
3000
25187
3517
3519
133
2239
2237
124992
2189
2233
2223
135
128
3002
129
131
512
3297
143
2221
3261
3001
2184
3299
3263
2920
2059
2751
1035
2051
0
2232
2745
2181
2
2493
24588
25870
25253
24711
24709
24618
16549
24619
24348
25123
24915
27332
25500
3884
25795
45
3373
25485
3885
2093
3117
24721
3887
19177
2351
25501
3890
142
151
150
136
137
2908
2909
2907
2914
2912
2916
2918
2929
2934
2946
2913
2571
2948
2180
2126
149
146
147
17041
25465
3891
13116
12863
2140
3221
3179
3172
3175
2091
3106
134
2910
79
25517
2349
47
25229
24621
24749
2863
16514
37
24349
16429
18471
25263
8325
8391
24739
23855
22831
20783
4031
31457
25527
13556
26789
22159
24747
18573
25731
26853
26661
25183
24653
25261
16520
25519
16451
22415
8389
24580
25269
16655
25271
23183
26671
26751
8208
24751
24706
26633
24743
19087
1163
25771
25103
5259
20525
24768
8199
24587
16
26665
13073
8209
2238
532
2205
2185
161
3235
16512
26855
16423
22589
26685
16557
26733
24643
8901
16421
24983
23311
18443
22543
8197
21135
199
24687
2966
3018
2187
3233
2950
2177
3019
2699
2209
2951
3690
43
3691
2603
3272
2251
3273
3275
533
3487
2249
2762
2250
3015
513
3841
132
2985
2960
3023
2969
3024
5377
2963
3329
130
5121
1027
1025
2049
5123
5379
3073
1281
2182
2305
2561
3843
2694
2817
257
2307
3245
2191
2490
2056
2961
2193
2153
2923
9
24579
26003
24577
26925
24647
24645
18439
16567
25783
20111
16559
26405
1709
21565
20541
26735
10298
16578
18087
8903
26791
8196
23567
19599
16445
21807
10282
18151
5887
18597
3003
2213
13074
17035
25282
24807
22319
8284
25121
23357
22069
8210
24609
13404
25133
20575
18433
17468
26701
26687
12304
22287
24613
16687
19901
2744
3501
2053
8
2186
21007
16420
24651
23439
21519
25157
16453
17
16551
8204
23599
27303
16576
22575
24704
18
10240
111
2211
163
10
8327
23997
25637
23869
25751
24629
19516
16390
23868
26647
10232
25098
3119
2399
2659
2081
12604
3187
3171
26997
2095
26677
24724
24805
21775
26999
25636
24669
26741
26693
2827
3213
24655
25167
22845
10280
26743
26188
26645
12305
24899
18703
24759
2315
14
20135
25101
23805
17807
23343
18437
24841
8281
16396
19
5311
30949
165
63
166
3304
3844
2971
3305
2195
2763
3512
3513
2235
3495
3515
3239
167
2215
4024
2964
2962
2222
3205
2600
2921
3306
2218
3241
3240
138
2217
3270
3287
5878
17338
2216
4329
5814
5879
3242
9258
3289
3283
3284
3271
3290
3292
145
8150
3285
3286
6358
7895
2219
17909
23879
27393
3999
4127
4234
2246
5432
3291
16554
3281
2194
3280
2983
3224
3232
3026
2257
2973
3863
3871
31
2727
2255
3307
2767
4357
4359
3243
2975
4445
4454
4474
4461
4467
2063
2970
4824
4816
4874
4807
658
5141
4790
4817
4797
2202
4810
4818
4813
5127
5167
1071
5160
5157
5164
2199
2198
2967
5227
5211
5163
6635
5217
6552
2965
5204
5212
5260
2197
6357
5165
5205
5264
5197
3208
3211
95
5238
5270
5198
5254
5288
5249
5266
5258
5251
6010
6026
6034
6008
1171
5267
4242
6035
7829
6845
6789
6709
6711
2749
2103
2179
2256
2190
2254
2050
29670
17141
16509
21716
21718
21717
17206
16532
16934
16534
17559
16535
15826
25111
25387
16693
19844
16518
24434
24042
27314
27315
2139
2142
2398
2409
9308
12633
24770
21903
19613
19855
21821
20831
26717
25159
26935
18479
23903
12998
5885
2201
267
24843
17679
24927
16783
26635
16428
8720
26933
19645
24716
23087
13075
2234
3858
3247
26901
23612
2141
2658
2086
2915
18601
3176
3177
24699
25467
2062
24965
3375
3629
24967
2861
18441
2057
8263
9564
22829
8211
24726
12560
18589
3854
3845
2459
2715
1030
2203
2972
2741
3847
3855
3805
4472
4122
4341
4318
4265
4325
4319
4101
2997
4473
17212
5764
4255
3430
4776
4777
4784
4408
4363
4873
92
159
4442
4789
4376
4335
8791
5689
3442
3443
4123
4331
4104
3257
25
4475
4155
4343
2717
2089
16461
12333
17455
25165
25226
8200
2746
173
18063

--- Conjunto 4 ---

