65536
250000
Quant grupos: 5
Media quant grupos: 707.0
--- Conjunto 0 ---
65
5109
1511
71
12596
74
1792
73
76
13061
1504
68
12137
12762
1527
75
10100
70
12793
79
15730
8669
1099
1097
4629
1513
12640
13233
1925
1454
13045
12706
14900
1942
12351
2180
1794
2188
1591
3980
1945
12465
12721
12568
9921
12914
6536
72
1795
12889
1865
13020
3244
1866
1857
12619
12709
12279
1455
9588
69
1588
1793
1861
4565
4637
1544
12463
4597
5917
66
1583
10149
10235
9612
1465
64
12791
6133
63
12742
1643
12746
12809
11836
8979
1723
9236
8193
1456
12592
1587
1120
1047
1706
2589
12417
8520
1062
13105
12295
1466
12305
9183
11579
1457
8564
12037
8822
8194
0
2
1459
12971
12542
12433
1592
8275
1648
6
1026
12732
1552
5148
1476
13382
8263
13358
2162
8197
1509
1628
13486
1557
1541
11351
1463
8195
9303
8256
1349
8279
1649
1230
12805
1108
12320
1462
12134
8199
12887
12360
1512
9373
12533
12362
14381
3337
10069
1594
12432
1453
12250
1478
156
3211
1474
2223
1593
3
13480
13320
12761
12147
8259
9300
2757
6322
5218
1460
16148
11263
1589
1028
1473
12693
1787
1464
1514
1547
1586
1610
9556
38
1531
12512
12849
1590
12289
1029
1092
4580
12869
13301
3941
1669
12384
12897
4
1483
1461
8257
6230
8196
5130
8192
1562
8258
1838
13055
8265
1902
13129
11645
12573
3070
1458
1503
9281
10565
13666
1570
12372
12308
12614
12750
8211
12755
12627
8954
8532
1568
13073
4412
1553
13057
1571
12549
1376
15865
3341
12361
11376
10967
3225
4944
5116
12817
12357
12373
1576
1508
2227
12733
1469
12377
1585
6558
11347
12353
1584
12315
1551
12726
1602
1127
1157
12656
1843
9356
1467
9947
12633
9307
11467
1484
8267
8261
12322
12876
4101
256
5
1
12593
7
4437
67
1090
13001
1331
2189
9793
12999
12484
12288
12560
1573
1375
1095
266
1758
1500
1630
62496
1759
1373
1094
1118
31
1116
1499
1110
1246
1106
1631
1501
1103
1616
1104
1105
1027
8277
12292
12427
13682
12572
645
1070
12299
12486
12167
11399
9365
10375
15
9557
1332
12340
13202
11911
11271
12378
10247
9221
8327
9237
12595
12442
12291
1930
1497
1063
517
12190
12206
1041
1071
12030
1554
1797
12183
11415
47
4097
12058
8215
12358
9813
1326
12494
12304
1069
1045
55
12598
1325
13075
12599
12567
12550
12311
10263
11159
12356
11806
8198
1622
1117
1109
11655
2654
12307
12563
12371
9223
8274
9217
12923
12231
12634
11335
11719
12115
12370
10567
12917
11902
12485
15731
12402
8210
11927
10391
12290
11870
12207
11671
13041
12881
12663
1199
12541
12913
8289
12369
12335
12509
13331
12103
10311
12235
12381
12365
12529
12893
13224
8903
9287
11847
10579
12309
13240
13241
12856
13386
12420
12440
12296
12297
13080
12328
12421
12293
12808
10823
8531
11975
8391
8775
581
13112
12824
12354
12312
11463
13394
8769
8307
12891
11591
12313
12984
13208
12952
5140
12801
9415
12885
12441
12680
1119
1102
1088
1100
1111
12840
13683
12174
12175
12457
1943
12469
13326
1046
23
22
8201
12344
8262
12363
8266
9280
12618
12403
9799
13395
2629
8519
13427
1364
1372
1244
8202
13651
10439
12937
12355
12968
13209
12825
13113
8226
6498
2011
12641
12705
12574
2174
12480
12329
12481
2175
13667
12352
13260
12364
13261
8260
13099
12843
12752
8209
12331
12368
8273
12748
2142
10254
8203
863
12523
12395
13426
13074
13650
10903
12306
12339
12763
12379
12566
9216
12443
12635
12294
8727
35
9775
12865
12438
12439
12927
11339
12375
4450
4162
6499
12611
11979
13378
12624
12753
1934
8272
8208
11799
8239
12819
518
9245
12875
9367
11287
3071
12310
12062
11783
10887
11143
8214
11294
8222
12191
10270
12359
12895
10647
12700
12498
12499
2943
10067
9298
13069
4104
11705
13661
13397
12612
12452
6537
6316
13339
12608
6317
12323
5149
5141
12453
1327
1559
901
1033
12605
13364
13332
9218
12613
13315
12813
12385
9301
12324
4100
4108
11079
12298
4260
4141
12871
13330
9219
11851
13314
8779
12107
12493
12747
4418
2118
13132
12625
13005
13004
8206
2119
2942
10631
39
1922
1539
1617
1845
9811
9803
12497
4098
4194
12321
13009
12562
12587
10827
8730
2911
4113
1079
12725
1025
2015
13470
13462
13342
13471
1058
13374
12590
12591
13334
13318
13375
8
1091
1247
6152
12342
12343
9798
11859
13463
12325
15728
9233
11934
13335
13319
4163
10519
12326
5120
9235
6281
9291
12547
12426
11207
12525
13327
4419
4195
11211
12877
80
11055
10315
10894
11918
11950
8862
11286
12551
34
9814
11123
2127
2134
9351
8986
10255
8839
11422
1031
10262
12818
9286
10951
12487
12151
12615
9239
11607
9246
11998
12413
12868
10382
12366
1024
1538
1921
1923
1927
1471
1301
11407
13133
527
10775
9294
13410
2902
9822
12811
2126
12425
10910
10778
10099
12631
6242
9055
4164
577
8218
895
4118
1814
1303
1430
1198

--- Conjunto 1 ---
68
1457
1925
1454
0
1456
1458
1026
1459
1464
1467
1473
1039
75
1328
66
1329
1
5
69
1669
70
1474
2
1499
2015
74
12592
6558
73
8520
12732
12292
64
6
9921
1541
63
3
1460
1945
1942
9588
12742
13326
13319
1815
9281
38
71
67
1070
1610
1591
1590
1553
1455
1062
517
13094
1943
22
9301
1558
8193
23
1047
9793
1046
12360
7
8257
12358
12838
1686
8194
12897
12457
12174
12309
15730
8195
12231
13682
8263
8199
10823
12809
5148
12927
12923
13331
12147
12484
13330
8258
13427
8259
13315
12541
2757
12509
12365
13041
12357
12373
12311
12103
8211
8262
8775
12326
11335
11975
8192
12663
12525
12295
13650
12353
12881
13069
8197
12529
12762
12369
5140
12599
12893
8769
6498
6499
8274
12917
4194
13327
4450
99
12289
13075
12291
12631
12115
12891
12595
8198
12175
12574
5116
2174
12549
12480
13666
12329
12481
8256
12352
8207
12364
13260
13004
8196
13099
12752
12887
12368
8203
8979
9183
12356
12625
12843
12748
12297
12562
12560
12235
12568
12183
12058
12486
12427
8215
11287
12598
10263
12206
12030
12290
12299
10391
12167
3070
11911
9373
12889
12190
12523
12363
13202
11399
10247
10375
9217
9365
3071
12442
12635
12379
12563
12062
12207
11927
13683
256
1503
1111
1758
1116
266
1630
1500
1110
62496
1759
45088
1106
1373
65
1648
1108
1089
1606
1092
1118
1028
1497
1094
1649
1246
1631
1616
1090
1375
1029
1617
1372
1602
1095
12494
13651
9245
10262
11870
11415
11934
12191
8214
581
2943
15731
8327
9221
11655
2629
8839
12378
9237
11847
12634
10311
12706
13095
11671
12279
4
8210
12293
13394
2011
12913
12485
4162
12151
12307
10270
12294
10903
12371
12865
12463
12640
12385
12493
12381
13009
6536
11591
11463
12370
9291
8267
11851
13339
12611
9927
10067
12310
12839
4419
12875
12593
11918
8273
8272
12753
12331
12876
12491
11294
11358
12306
519
13426
2910
11166
12567
12885
12551
8239
11799
8260
10055
1119
12305
15
1117
1104
1244
81
80
8282
9287
8222
12566
4163
8727
9751
12323
10887
9235
8209
4232
5149
12355
12895
12413
9799
10099
2175
8261
8206
12819
8343
8226
11143
9361
12402
12443
12354
12547
12763
8283
8735
12403
12550
11271
9233
12626
11719
9294
13395
12343
8230
8730
12641
1797
12806
12871
12375
13411
11919
13261
12624
12395
8275
10519
12946
8212
1041
1483
1088
1099
1845
1063
12327
12054
98
9303
4451
12055
10327
6242
9234
12867
12497
4195
2117
8208
8268
13005
13074
9239
8231
12288
11998
12298
11079
9219
12869
8201
13667
8269
2118
11806
1622
1105
45056
1501
84
8213
12322
8726
12818
11406
4700
2126
11034
11783
11422
12119
11351
11159
82
10647
19
9
12359
10951
10567
9814
8855
9351
10439
11823
10782
8986
4100
1091
1093
2142
6430
8202
2158
12304
2119
87
12315
46112
2942
9075
13092
12705
10254
12877
15728
12582
11207
12746
8219
9299
13470
13334
13471
4105
13374
12590
13318
13314
13342
12612
12452
12613
6316
12440
6408
8531
13233
12750
1174
18
8517
1453
1071
9589
9556
12614
1247
39
1554
1551
645
6778
9284
6779
4098
4698
13335
4682
8516
13364
6747
4699
6746
9159
4171
4099
10631
6730
13462
12578
13375
12324
12325
12453
13316
13333
10183
34
12334
1044
1301
13332
4104
4730
4170
13366
31
13001
12583
582
13463
13343
13338
8288
8289
12321
12342
9409
6152
4186
9543
13365
8225
4106
12335
8519
4683
13323
11030
12039
13350
12449
1930
9310
1157
4731
8564
9218
12339
12384
9223
12591
6537
85
55
1024
5141
4107
4489
4096
9286
5136
13348
6281
5125
8
9557
1592
1198
1559
1814
12658
8734
32768
2911
9349
9298
8218
8903
9612
12438
12107
8779
4097
1922
1471
1077
1750
62464
4418
12512

--- Conjunto 2 ---
15730
12167
9373
12889
10247
0
12762
13682
3070
9921
10375
13394
12484
12595
3
12339
8194
8193
12923
12231
8257
11335
8263
8195
12634
11847
8199
2
12147
12706
12311
12307
5148
10311
13683
13326
1499
1
12103
8198
12370
2757
12917
12190
12427
12030
12598
9793
12486
12183
12058
11415
12356
2911
11399
13202
12206
12299
12358
13075
12913
12485
13470
13471
4098
12640
6537
13374
12592
12809
12590
13318
6536
13331
13650
12322
9281
12612
12613
8260
12635
12297
12452
8196
8261
12293
12324
6316
13364
13339
12357
13427
11975
69
12881
12352
12705
5
15731
9287
11719
10067
13327
12353
6498
6499
12373
4450
4194
12599
12354
12295
12865
11287
12567
8203
11783
11911
10887
8327
8192
9217
12378
11271
9237
11655
8210
11463
12290
8775
9799
12291
9310
8215
9218
13314
13375
10951
10823
12453
4
12325
13315
4104
12891
8262
8275
38
6
1925
1503
1375
67
63
70
64
1669
71
1111
1758
1500
12593
10
1110
1119
1759
62496
1118
1029
1094
66
1501
256
1648
1108
1497
1090
1116
1246
1630
87
65
1623
1095
1797
85
7
1460
1631
1616
1092
68
13316
13651
11591
99
4195
12885
4162
12369
11671
13319
13426
9233
8258
12763
13335
9
13330
12292
10263
10775
12343
10391
12523
12363
8259
12395
8267
11143
12361
9365
12355
13074
13334
13462
12327
5141
9159
8197
13332
8903
6408
8769
10903
10631
8282
8274
11927
13322
12641
12321
12551
8211
8331
9221
581
8839
12563
582
10567
11294
266
1373
1541
1649
1364
1617
1104
5124
13395
4163
12371
12529
12893
12288
9235
6152
8
12174
12235
12310
12663
9291
12611
11851
12887
8979
12568
13323
12869
13041
12442
10390
12494
2910
12443
8214
9245
2629
12819
10262
12323
12818
11951
13009
12541
12289
12463
12365
8205
12438
12381
12493
12927
11079
10099
11467
12895
12509
12525
10315
12574
12457
5116
12750
2174
12549
2126
12480
13666
12306
12562
1247
32800
84
1244
32768
10255
13260
8268
12876
12364
13099
12752
12753
8208
8272
12624
9183
12843
12331
12748
11918
12481
8256
6558
12207
2943
3071
10799
12294
9775
9222
9612
8787
4418
8283
10443
2143
2142
13004
9055
12375
10254
8206
11034
2942
12298
12379
579
11159
12309
12329
4164
1942
1943
12897
12742
8264
1046
22
9588
1687
1945
75
1454
1453
1457
1456
1458
1459
1464
1467
1473
1474
15
1372
1106
1088
74
73
8520
12732
1063
1326
1610
1554
1588
1589
1553
1070
1455
517
1157
12341
6830
23
18
12360
6158
8201
11406
6318
8531
5149
12107
8779
12631
11339
6831
4782
12175
12877
13133
10894
10382
13667
12403
13094
12326
12578
12402
6702
11902
4110
133
46112
1109
645
1606
1089
13001
8855
9075
12560
4654
4142
12875
4102
4099
12115
2175
12368
8273
13261
4103
10639
2127
8239
9294
11934
9811
12838
598
11799
12279
4451
12151
9822
9239
13095
12305
10055
4111
12413
13069
1117
12566
13132
8207
2118
4732
1922
1471
1902
1538
1921
1105
1026
1923
1927
1481
1485
1652
1025
1845
1077
11998
8730
12377
9351
1930
11863
8279
8727
98
4143
9927
12871
4622
12492
8471
47
8734
5140
12615
12359
6319
79
2158
10759
1934
9298
12315
8222
81
1622
10519
10270
12335
6670
4783
8209
9223
2011
4655
12425
11407
13664
1091
1044
1614
12512
11422
12746
13343
12440
12441
8350
8726
13342
13358
12384
2015
12334
9220
13350
15728
8391
8519
82
13333
11806
12304
4100
4096
5120
13317
12545
1559
1047
1558
1174
279
1329
1929
1045
1028
6559
1590
12934
9589
12807
12806
12935
8455
13366
4488
12577
55
11207
10647
12491
9216
1483
1480
1115
72
1908
1876
1909
1646
1903
1494
1396
86
1365
1103
1024
1620
1134
1647
1366
78
1140
103
1397
1126
110
36864
1495
1093
1367
1333
21
1301
277
1030
12627
9219
1107
13365
8751
4105
9246
8225
863
12707
13463
10439
34
80
1238
1602
1607
12591
6409

--- Conjunto 3 ---
12167
12889
9373
2757
15730
8195
12762
0
10375
3
10247
9365
1
8199
2
8193
8258
9233
9217
10631
3070
8257
9921
12484
12595
12563
12923
12231
8263
11335
1499
1497
2011
12147
12706
12311
5148
8194
8775
11975
12370
12934
8198
12917
12190
12427
12206
12030
12598
12299
12486
9793
12183
12058
8215
10263
8192
11399
13682
13202
13650
9281
12819
13075
12485
12913
13470
6536
12290
12640
13471
12592
12809
13374
12590
13318
13314
13331
8262
15731
12612
12613
12356
8256
12452
12453
8260
8769
12292
8196
5124
12324
12297
6316
13364
13365
13339
8261
10439
11463
11847
12807
10311
12357
13315
12307
12353
12705
12294
6498
5
98
6499
12599
13683
12881
12567
6830
12295
12358
8203
12523
12363
12395
11911
9245
8197
9237
12378
3071
2911
8259
12746
12103
12806
10823
12291
12207
69
13463
13334
13326
13319
12707
9287
38
34
1925
1503
1669
63
1541
70
6
7
1091
1758
1500
12593
1759
66
1119
1118
62496
1094
1116
1111
67
64
1501
65
256
1648
71
1110
1630
1092
1649
1631
1460
1029
1375
517
1025
1372
1090
1246
12935
12626
12355
12354
12309
8274
12174
12561
12457
13666
12750
1942
12897
22
1686
12742
1046
1558
12360
1943
9588
1175
1945
75
68
1454
1453
1457
1456
1458
1459
1464
1467
1473
1285
1474
1063
74
73
8520
12732
6558
6431
1070
1610
1589
1586
1587
1045
1553
1455
39
12758
1174
23
12614
12310
12374
1431
18
8214
9235
12631
4162
4195
12369
11927
11415
10391
2015
15728
12763
6778
13394
11079
12373
9286
12865
13426
13330
12591
12326
12630
12759
8225
11207
4194
12634
8327
12635
11591
13335
13375
4104
12375
13316
12371
9543
581
12885
12551
2629
10262
12384
4099
12293
8
13332
266
1102
80
1617
13427
8211
11294
13342
8278
13366
12321
4450
8210
12491
11655
9221
11271
4098
10567
99
12343
1483
1509
1093
1616
1475
1088
1349
1104
1845
21
1301
1636
1125
1637
1743
1124
1381
1507
1920
1492
1480
1511
1484
1512
2688
1481
1664
2560
513
512
1024
2561
2689
1536
640
1152
1280
1921
1347
1408
128
1153
1622
1095
1245
1028
1096
1076
1461
4
12289
13001
12288
13462
12323
12322
9219
8283
12891
10055
8279
854
10782
10270
13367
5149
8289
9043
4451
13395
11783
9799
8222
10903
5141
9075
2943
9298
1106
6537
8517
12641
12403
11159
4142
12560
11678
11034
4105
12304
6702
12566
10287
9216
8734
13350
13343
6152
11143
12306
8343
9950
1750
1026
10503
12325
11719
10759
12578
8226
8275
4102
11799
13651
8288
11287
12352
9
5120
55
1105
81
4163
11998
12818
11934
12875
12314
9758
13323
5116
12549
1559
1199
1329
1040
6302
1593
1585
13498
1047
13338
12362
12402
10887
13499
12334
13370
13346
1413
1606
12327
12583
11422
5140
13371
13094
13322
12449
9351
12379
1157
10067
12550
11902
8903
11671
9218
12420
4140
2655
15474
82
31
83
1652
1922
1485
1097
1756
1117
1747
1757
1619
1107
2012
1482
1602
1300
1653
1109
1620
1108
1635
1643
2939
8669
2164
2907
1621
4629
1644
1641
1642
1645
1646
72
4075
3179
3947
8954
11939
13696
1999
2063
2117
1123
2716
8277
1640
1491
1612
1513
1128
1486
1931
1935
15
1363
1127
1383
2178
2179
1487
2222
2227
2237
2230
2233
1031
2412
2408
2437
2403
329
2570
2395
2398
1101
2405
2409
2406
2563
2583
535
2580
2578
2582
1099
2613
2605
2581
3317
2608
3276
2602
2606
2630
1098
3178
2632
2598
1604
1605
47
2619
2635
2599
2627
2644
2624
2633
2625
3005
3013
3017
3004
585
2121
3914
3422
3394
3354
3355
1374
1051
1089
14835
8570
8254
10858
10859
8603
8266
8467
8267
8779
7913
12555
12693
8346
9922
12217
12021
13657
1069
1071
1204
4654
12385
10951
9806
9927
10910
10415
13358
12579
13467
9239
11951
2942
1100
133
12421
8839
12463
8391
13317
4360
13466
9822
11543
1929
1623
13450
11806
1043
9300
1588
12349
12733
12482
1687
1814
12483
1430
9220
4131
4782
11414
6280
9294
1927
1229
1357
515
1370
1923
1902
2236
2061
2170
2159
2132
2162
2050
1498
8606
2882
2127
1715
2388
2392
2204
2181
2436
46
79
2221
2394
2188
2167
4395
2844
1721
2165
2052
1628
12
2077
2171
1358
1044
8230
6166
8727
12582
4100
1373
86
9031

--- Conjunto 4 ---

